1527055602,s1,0.00,0.00,0.00,0,0,0.00,0.00,0.00,0,0,0.00,0.00,0,0
1527055602,eth0,0.00,0.00,0.00,0,0,0.00,0.00,0.00,0,0,0.00,0.00,0,0
1527055602,eth1,0.00,0.00,0.00,0,0,0.00,0.00,0.00,0,0,0.00,0.00,0,0
1527055602,s2,0.00,0.00,0.00,0,0,0.00,0.00,0.00,0,0,0.00,0.00,0,0
1527055602,s1-eth2,0.00,0.00,0.00,0,0,0.00,0.00,0.00,0,0,0.00,0.00,0,0
1527055602,s1-eth3,0.00,0.00,0.00,0,0,0.00,0.00,0.00,0,0,0.00,0.00,0,0
1527055602,s1-eth1,0.00,0.00,0.00,0,0,0.00,0.00,0.00,0,0,0.00,0.00,0,0
1527055602,s3,0.00,0.00,0.00,0,0,0.00,0.00,0.00,0,0,0.00,0.00,0,0
1527055602,s2-eth3,0.00,0.00,0.00,0,0,0.00,0.00,0.00,0,0,0.00,0.00,0,0
1527055602,s2-eth4,0.00,0.00,0.00,0,0,0.00,0.00,0.00,0,0,0.00,0.00,0,0
1527055602,lo,0.00,0.00,0.00,0,0,0.00,0.00,0.00,0,0,0.00,0.00,0,0
1527055602,s3-eth4,0.00,0.00,0.00,0,0,0.00,0.00,0.00,0,0,0.00,0.00,0,0
1527055602,total,0.00,0.00,0.00,0,0,0.00,0.00,0.00,0,0,0.00,0.00,0,0
1527055603,s1,160.00,1433.00,1593.00,1433,160,2.00,7.00,9.00,7,2,0.00,0.00,0,0
1527055603,eth0,304.00,458.00,762.00,458,304,4.00,4.00,8.00,4,4,0.00,0.00,0,0
1527055603,eth1,0.00,0.00,0.00,0,0,0.00,0.00,0.00,0,0,0.00,0.00,0,0
1527055603,s2,0.00,2122.00,2122.00,2122,0,0.00,11.00,11.00,11,0,0.00,0.00,0,0
1527055603,s1-eth2,141651.00,5677500.00,5819151.00,5677500,141651,1890.00,3750.00,5640.00,3750,1890,0.00,0.00,0,0
1527055603,s1-eth3,1016.00,1433.00,2449.00,1433,1016,5.00,7.00,12.00,7,5,0.00,0.00,0,0
1527055603,s1-eth1,5681463.00,138898.00,5820361.00,138898,5681463,3763.00,1877.00,5640.00,1877,3763,0.00,0.00,0,0
1527055603,s3,250.00,1872.00,2122.00,1872,250,3.00,8.00,11.00,8,3,0.00,0.00,0,0
1527055603,s2-eth3,1872.00,1106.00,2978.00,1106,1872,8.00,6.00,14.00,6,8,0.00,0.00,0,0
1527055603,s2-eth4,1433.00,1016.00,2449.00,1016,1433,7.00,5.00,12.00,5,7,0.00,0.00,0,0
1527055603,lo,10014.00,10014.00,20028.00,10014,10014,100.00,100.00,200.00,100,100,0.00,0.00,0,0
1527055603,s3-eth4,1106.00,1872.00,2978.00,1872,1106,6.00,8.00,14.00,8,6,0.00,0.00,0,0
1527055603,total,5839269.00,5837724.00,11676993.00,5837724,5839269,5788.00,5783.00,11571.00,5783,5788,0.00,0.00,0,0
1527055604,s1,90.00,214.00,304.00,214,90,1.00,2.00,3.00,2,1,0.00,0.00,0,0
1527055604,eth0,152.00,229.00,381.00,229,152,2.00,2.00,4.00,2,2,0.00,0.00,0,0
1527055604,eth1,0.00,0.00,0.00,0,0,0.00,0.00,0.00,0,0,0.00,0.00,0,0
1527055604,s2,0.00,304.00,304.00,304,0,0.00,3.00,3.00,3,0,0.00,0.00,0,0
1527055604,s1-eth2,140798.00,5725948.00,5866746.00,5725948,140798,1893.00,3782.00,5675.00,3782,1893,0.00,0.00,0,0
1527055604,s1-eth3,197.00,214.00,411.00,214,197,2.00,2.00,4.00,2,2,0.00,0.00,0,0
1527055604,s1-eth1,5720303.00,139490.00,5859793.00,139490,5720303,3782.00,1885.00,5667.00,1885,3782,0.00,0.00,0,0
1527055604,s3,0.00,304.00,304.00,304,0,0.00,3.00,3.00,3,0,0.00,0.00,0,0
1527055604,s2-eth3,304.00,107.00,411.00,107,304,3.00,1.00,4.00,1,3,0.00,0.00,0,0
1527055604,s2-eth4,214.00,197.00,411.00,197,214,2.00,2.00,4.00,2,2,0.00,0.00,0,0
1527055604,lo,3019.00,3019.00,6038.00,3019,3019,31.00,31.00,62.00,31,31,0.00,0.00,0,0
1527055604,s3-eth4,107.00,304.00,411.00,304,107,1.00,3.00,4.00,3,1,0.00,0.00,0,0
1527055604,total,5865184.00,5870330.00,11735514.00,5870330,5865184,5717.00,5716.00,11433.00,5716,5717,0.00,0.00,0,0
1527055605,s1,0.00,1398.00,1398.00,1398,0,0.00,7.00,7.00,7,0,0.00,0.00,0,0
1527055605,eth0,0.00,0.00,0.00,0,0,0.00,0.00,0.00,0,0,0.00,0.00,0,0
1527055605,eth1,0.00,0.00,0.00,0,0,0.00,0.00,0.00,0,0,0.00,0.00,0,0
1527055605,s2,0.00,1398.00,1398.00,1398,0,0.00,7.00,7.00,7,0,0.00,0.00,0,0
1527055605,s1-eth2,142327.00,5754714.00,5897041.00,5754714,142327,1911.00,3801.00,5712.00,3801,1911,0.00,0.00,0,0
1527055605,s1-eth3,734.00,1328.00,2062.00,1328,734,4.00,6.00,10.00,6,4,0.00,0.00,0,0
1527055605,s1-eth1,5759734.00,140892.00,5900626.00,140892,5759734,3812.00,1904.00,5716.00,1904,3812,0.00,0.00,0,0
1527055605,s3,0.00,1398.00,1398.00,1398,0,0.00,7.00,7.00,7,0,0.00,0.00,0,0
1527055605,s2-eth3,1398.00,664.00,2062.00,664,1398,7.00,3.00,10.00,3,7,0.00,0.00,0,0
1527055605,s2-eth4,1328.00,734.00,2062.00,734,1328,6.00,4.00,10.00,4,6,0.00,0.00,0,0
1527055605,lo,6324.00,6324.00,12648.00,6324,6324,63.00,63.00,126.00,63,63,0.00,0.00,0,0
1527055605,s3-eth4,664.00,1398.00,2062.00,1398,664,3.00,7.00,10.00,7,3,0.00,0.00,0,0
1527055605,total,5912509.00,5910248.00,11822757.00,5910248,5912509,5806.00,5809.00,11615.00,5809,5806,0.00,0.00,0,0
1527055606,s1,0.00,140.00,140.00,140,0,0.00,2.00,2.00,2,0,0.00,0.00,0,0
1527055606,eth0,0.00,0.00,0.00,0,0,0.00,0.00,0.00,0,0,0.00,0.00,0,0
1527055606,eth1,0.00,0.00,0.00,0,0,0.00,0.00,0.00,0,0,0.00,0.00,0,0
1527055606,s2,70.00,70.00,140.00,70,70,1.00,1.00,2.00,1,1,0.00,0.00,0,0
1527055606,s1-eth2,142222.00,5794148.00,5936370.00,5794148,142222,1916.00,3828.00,5744.00,3828,1916,0.00,0.00,0,0
1527055606,s1-eth3,70.00,70.00,140.00,70,70,1.00,1.00,2.00,1,1,0.00,0.00,0,0
1527055606,s1-eth1,5791190.00,141562.00,5932752.00,141562,5791190,3827.00,1913.00,5740.00,1913,3827,0.00,0.00,0,0
1527055606,s3,0.00,140.00,140.00,140,0,0.00,2.00,2.00,2,0,0.00,0.00,0,0
1527055606,s2-eth3,140.00,0.00,140.00,0,140,2.00,0.00,2.00,0,2,0.00,0.00,0,0
1527055606,s2-eth4,70.00,70.00,140.00,70,70,1.00,1.00,2.00,1,1,0.00,0.00,0,0
1527055606,lo,1608.00,1608.00,3216.00,1608,1608,18.00,18.00,36.00,18,18,0.00,0.00,0,0
1527055606,s3-eth4,0.00,140.00,140.00,140,0,0.00,2.00,2.00,2,0,0.00,0.00,0,0
1527055606,total,5935370.00,5937948.00,11873318.00,5937948,5935370,5766.00,5768.00,11534.00,5768,5766,0.00,0.00,0,0
1527055607,s1,70.00,412.00,482.00,412,70,1.00,2.00,3.00,2,1,0.00,0.00,0,0
1527055607,eth0,0.00,0.00,0.00,0,0,0.00,0.00,0.00,0,0,0.00,0.00,0,0
1527055607,eth1,0.00,0.00,0.00,0,0,0.00,0.00,0.00,0,0,0.00,0.00,0,0
1527055607,s2,0.00,482.00,482.00,482,0,0.00,3.00,3.00,3,0,0.00,0.00,0,0
1527055607,s1-eth2,140786.00,5732004.00,5872790.00,5732004,140786,1899.00,3786.00,5685.00,3786,1899,0.00,0.00,0,0
1527055607,s1-eth3,70.00,412.00,482.00,412,70,1.00,2.00,3.00,2,1,0.00,0.00,0,0
1527055607,s1-eth1,5738542.00,140230.00,5878772.00,140230,5738542,3793.00,1895.00,5688.00,1895,3793,0.00,0.00,0,0
1527055607,s3,70.00,70.00,140.00,70,70,1.00,1.00,2.00,1,1,0.00,0.00,0,0
1527055607,s2-eth3,70.00,412.00,482.00,412,70,1.00,2.00,3.00,2,1,0.00,0.00,0,0
1527055607,s2-eth4,412.00,70.00,482.00,70,412,2.00,1.00,3.00,1,2,0.00,0.00,0,0
1527055607,lo,2260.00,2260.00,4520.00,2260,2260,24.00,24.00,48.00,24,24,0.00,0.00,0,0
1527055607,s3-eth4,412.00,70.00,482.00,70,412,2.00,1.00,3.00,1,2,0.00,0.00,0,0
1527055607,total,5882692.00,5876422.00,11759114.00,5876422,5882692,5724.00,5717.00,11441.00,5717,5724,0.00,0.00,0,0
1527055608,s1,0.00,214.00,214.00,214,0,0.00,2.00,2.00,2,0,0.00,0.00,0,0
1527055608,eth0,0.00,0.00,0.00,0,0,0.00,0.00,0.00,0,0,0.00,0.00,0,0
1527055608,eth1,0.00,0.00,0.00,0,0,0.00,0.00,0.00,0,0,0.00,0.00,0,0
1527055608,s2,0.00,556.00,556.00,556,0,0.00,3.00,3.00,3,0,0.00,0.00,0,0
1527055608,s1-eth2,140000.00,5724434.00,5864434.00,5724434,140000,1891.00,3781.00,5672.00,3781,1891,0.00,0.00,0,0
1527055608,s1-eth3,449.00,214.00,663.00,214,449,2.00,2.00,4.00,2,2,0.00,0.00,0,0
1527055608,s1-eth1,5723241.00,139860.00,5863101.00,139860,5723241,3783.00,1890.00,5673.00,1890,3783,0.00,0.00,0,0
1527055608,s3,0.00,898.00,898.00,898,0,0.00,4.00,4.00,4,0,0.00,0.00,0,0
1527055608,s2-eth3,898.00,107.00,1005.00,107,898,4.00,1.00,5.00,1,4,0.00,0.00,0,0
1527055608,s2-eth4,214.00,449.00,663.00,449,214,2.00,2.00,4.00,2,2,0.00,0.00,0,0
1527055608,lo,2808.00,2808.00,5616.00,2808,2808,27.00,27.00,54.00,27,27,0.00,0.00,0,0
1527055608,s3-eth4,107.00,898.00,1005.00,898,107,1.00,4.00,5.00,4,1,0.00,0.00,0,0
1527055608,total,5867717.00,5870438.00,11738155.00,5870438,5867717,5710.00,5716.00,11426.00,5716,5710,0.00,0.00,0,0
1527055609,s1,0.00,210.00,210.00,210,0,0.00,3.00,3.00,3,0,0.00,0.00,0,0
1527055609,eth0,0.00,0.00,0.00,0,0,0.00,0.00,0.00,0,0,0.00,0.00,0,0
1527055609,eth1,0.00,0.00,0.00,0,0,0.00,0.00,0.00,0,0,0.00,0.00,0,0
1527055609,s2,0.00,210.00,210.00,210,0,0.00,3.00,3.00,3,0,0.00,0.00,0,0
1527055609,s1-eth2,140519.00,5732004.00,5872523.00,5732004,140519,1895.00,3786.00,5681.00,3786,1895,0.00,0.00,0,0
1527055609,s1-eth3,140.00,140.00,280.00,140,140,2.00,2.00,4.00,2,2,0.00,0.00,0,0
1527055609,s1-eth1,5724986.00,140004.00,5864990.00,140004,5724986,3785.00,1892.00,5677.00,1892,3785,0.00,0.00,0,0
1527055609,s3,0.00,210.00,210.00,210,0,0.00,3.00,3.00,3,0,0.00,0.00,0,0
1527055609,s2-eth3,210.00,70.00,280.00,70,210,3.00,1.00,4.00,1,3,0.00,0.00,0,0
1527055609,s2-eth4,140.00,140.00,280.00,140,140,2.00,2.00,4.00,2,2,0.00,0.00,0,0
1527055609,lo,2412.00,2412.00,4824.00,2412,2412,27.00,27.00,54.00,27,27,0.00,0.00,0,0
1527055609,s3-eth4,70.00,210.00,280.00,210,70,1.00,3.00,4.00,3,1,0.00,0.00,0,0
1527055609,total,5868477.00,5875610.00,11744087.00,5875610,5868477,5715.00,5722.00,11437.00,5722,5715,0.00,0.00,0,0
1527055610,s1,0.00,140.00,140.00,140,0,0.00,2.00,2.00,2,0,0.00,0.00,0,0
1527055610,eth0,0.00,0.00,0.00,0,0,0.00,0.00,0.00,0,0,0.00,0.00,0,0
1527055610,eth1,0.00,0.00,0.00,0,0,0.00,0.00,0.00,0,0,0.00,0.00,0,0
1527055610,s2,70.00,70.00,140.00,70,70,1.00,1.00,2.00,1,1,0.00,0.00,0,0
1527055610,s1-eth2,140518.00,5741158.00,5881676.00,5741158,140518,1899.00,3793.00,5692.00,3793,1899,0.00,0.00,0,0
1527055610,s1-eth3,70.00,70.00,140.00,70,70,1.00,1.00,2.00,1,1,0.00,0.00,0,0
1527055610,s1-eth1,5741228.00,140378.00,5881606.00,140378,5741228,3794.00,1897.00,5691.00,1897,3794,0.00,0.00,0,0
1527055610,s3,0.00,140.00,140.00,140,0,0.00,2.00,2.00,2,0,0.00,0.00,0,0
1527055610,s2-eth3,140.00,0.00,140.00,0,140,2.00,0.00,2.00,0,2,0.00,0.00,0,0
1527055610,s2-eth4,70.00,70.00,140.00,70,70,1.00,1.00,2.00,1,1,0.00,0.00,0,0
1527055610,lo,1608.00,1608.00,3216.00,1608,1608,18.00,18.00,36.00,18,18,0.00,0.00,0,0
1527055610,s3-eth4,0.00,140.00,140.00,140,0,0.00,2.00,2.00,2,0,0.00,0.00,0,0
1527055610,total,5883704.00,5883774.00,11767478.00,5883774,5883704,5716.00,5717.00,11433.00,5717,5716,0.00,0.00,0,0
1527055611,s1,70.00,412.00,482.00,412,70,1.00,2.00,3.00,2,1,0.00,0.00,0,0
1527055611,eth0,0.00,0.00,0.00,0,0,0.00,0.00,0.00,0,0,0.00,0.00,0,0
1527055611,eth1,0.00,0.00,0.00,0,0,0.00,0.00,0.00,0,0,0.00,0.00,0,0
1527055611,s2,0.00,140.00,140.00,140,0,0.00,2.00,2.00,2,0,0.00,0.00,0,0
1527055611,s1-eth2,140268.00,5727462.00,5867730.00,5727462,140268,1892.00,3783.00,5675.00,3783,1892,0.00,0.00,0,0
1527055611,s1-eth3,70.00,412.00,482.00,412,70,1.00,2.00,3.00,2,1,0.00,0.00,0,0
1527055611,s1-eth1,5723402.00,139712.00,5863114.00,139712,5723402,3783.00,1888.00,5671.00,1888,3783,0.00,0.00,0,0
1527055611,s3,70.00,70.00,140.00,70,70,1.00,1.00,2.00,1,1,0.00,0.00,0,0
1527055611,s2-eth3,70.00,70.00,140.00,70,70,1.00,1.00,2.00,1,1,0.00,0.00,0,0
1527055611,s2-eth4,412.00,70.00,482.00,70,412,2.00,1.00,3.00,1,2,0.00,0.00,0,0
1527055611,lo,1934.00,1934.00,3868.00,1934,1934,21.00,21.00,42.00,21,21,0.00,0.00,0,0
1527055611,s3-eth4,70.00,70.00,140.00,70,70,1.00,1.00,2.00,1,1,0.00,0.00,0,0
1527055611,total,5866366.00,5870352.00,11736718.00,5870352,5866366,5703.00,5702.00,11405.00,5702,5703,0.00,0.00,0,0
1527055612,s1,0.00,342.00,342.00,342,0,0.00,1.00,1.00,1,0,0.00,0.00,0,0
1527055612,eth0,0.00,0.00,0.00,0,0,0.00,0.00,0.00,0,0,0.00,0.00,0,0
1527055612,eth1,0.00,0.00,0.00,0,0,0.00,0.00,0.00,0,0,0.00,0.00,0,0
1527055612,s2,0.00,342.00,342.00,342,0,0.00,1.00,1.00,1,0,0.00,0.00,0,0
1527055612,s1-eth2,141090.00,5768340.00,5909430.00,5768340,141090,1903.00,3810.00,5713.00,3810,1903,0.00,0.00,0,0
1527055612,s1-eth3,0.00,342.00,342.00,342,0,0.00,1.00,1.00,1,0,0.00,0.00,0,0
1527055612,s1-eth1,5758084.00,140748.00,5898832.00,140748,5758084,3804.00,1902.00,5706.00,1902,3804,0.00,0.00,0,0
1527055612,s3,0.00,0.00,0.00,0,0,0.00,0.00,0.00,0,0,0.00,0.00,0,0
1527055612,s2-eth3,0.00,342.00,342.00,342,0,0.00,1.00,1.00,1,0,0.00,0.00,0,0
1527055612,s2-eth4,342.00,0.00,342.00,0,342,1.00,0.00,1.00,0,1,0.00,0.00,0,0
1527055612,lo,652.00,652.00,1304.00,652,652,6.00,6.00,12.00,6,6,0.00,0.00,0,0
1527055612,s3-eth4,342.00,0.00,342.00,0,342,1.00,0.00,1.00,0,1,0.00,0.00,0,0
1527055612,total,5900510.00,5911108.00,11811618.00,5911108,5900510,5715.00,5722.00,11437.00,5722,5715,0.00,0.00,0,0
1527055613,s1,0.00,0.00,0.00,0,0,0.00,0.00,0.00,0,0,0.00,0.00,0,0
1527055613,eth0,0.00,0.00,0.00,0,0,0.00,0.00,0.00,0,0,0.00,0.00,0,0
1527055613,eth1,0.00,0.00,0.00,0,0,0.00,0.00,0.00,0,0,0.00,0.00,0,0
1527055613,s2,0.00,0.00,0.00,0,0,0.00,0.00,0.00,0,0,0.00,0.00,0,0
1527055613,s1-eth2,140600.00,5751686.00,5892286.00,5751686,140600,1900.00,3799.00,5699.00,3799,1900,0.00,0.00,0,0
1527055613,s1-eth3,0.00,0.00,0.00,0,0,0.00,0.00,0.00,0,0,0.00,0.00,0,0
1527055613,s1-eth1,5754714.00,140674.00,5895388.00,140674,5754714,3801.00,1901.00,5702.00,1901,3801,0.00,0.00,0,0
1527055613,s3,0.00,0.00,0.00,0,0,0.00,0.00,0.00,0,0,0.00,0.00,0,0
1527055613,s2-eth3,0.00,0.00,0.00,0,0,0.00,0.00,0.00,0,0,0.00,0.00,0,0
1527055613,s2-eth4,0.00,0.00,0.00,0,0,0.00,0.00,0.00,0,0,0.00,0.00,0,0
1527055613,lo,0.00,0.00,0.00,0,0,0.00,0.00,0.00,0,0,0.00,0.00,0,0
1527055613,s3-eth4,0.00,0.00,0.00,0,0,0.00,0.00,0.00,0,0,0.00,0.00,0,0
1527055613,total,5895314.00,5892360.00,11787674.00,5892360,5895314,5701.00,5700.00,11401.00,5700,5701,0.00,0.00,0,0
1527055614,s1,0.00,0.00,0.00,0,0,0.00,0.00,0.00,0,0,0.00,0.00,0,0
1527055614,eth0,0.00,0.00,0.00,0,0,0.00,0.00,0.00,0,0,0.00,0.00,0,0
1527055614,eth1,0.00,0.00,0.00,0,0,0.00,0.00,0.00,0,0,0.00,0.00,0,0
1527055614,s2,0.00,0.00,0.00,0,0,0.00,0.00,0.00,0,0,0.00,0.00,0,0
1527055614,s1-eth2,141124.88,5770140.00,5911265.00,5775910,141266,1907.09,3811.19,5718.28,3815,1909,0.00,0.00,0,0
1527055614,s1-eth3,0.00,0.00,0.00,0,0,0.00,0.00,0.00,0,0,0.00,0.00,0,0
1527055614,s1-eth1,5771652.50,141050.95,5912703.50,141192,5777424,3812.19,1906.09,5718.28,1908,3816,0.00,0.00,0,0
1527055614,s3,0.00,0.00,0.00,0,0,0.00,0.00,0.00,0,0,0.00,0.00,0,0
1527055614,s2-eth3,0.00,0.00,0.00,0,0,0.00,0.00,0.00,0,0,0.00,0.00,0,0
1527055614,s2-eth4,0.00,0.00,0.00,0,0,0.00,0.00,0.00,0,0,0.00,0.00,0,0
1527055614,lo,0.00,0.00,0.00,0,0,0.00,0.00,0.00,0,0,0.00,0.00,0,0
1527055614,s3-eth4,0.00,0.00,0.00,0,0,0.00,0.00,0.00,0,0,0.00,0.00,0,0
1527055614,total,5912777.50,5911191.00,11823968.00,5917102,5918690,5719.28,5717.28,11436.56,5723,5725,0.00,0.00,0,0
1527055615,s1,0.00,0.00,0.00,0,0,0.00,0.00,0.00,0,0,0.00,0.00,0,0
1527055615,eth0,0.00,0.00,0.00,0,0,0.00,0.00,0.00,0,0,0.00,0.00,0,0
1527055615,eth1,0.00,0.00,0.00,0,0,0.00,0.00,0.00,0,0,0.00,0.00,0,0
1527055615,s2,0.00,0.00,0.00,0,0,0.00,0.00,0.00,0,0,0.00,0.00,0,0
1527055615,s1-eth2,140526.00,5754714.00,5895240.00,5754714,140526,1899.00,3801.00,5700.00,3801,1899,0.00,0.00,0,0
1527055615,s1-eth3,0.00,0.00,0.00,0,0,0.00,0.00,0.00,0,0,0.00,0.00,0,0
1527055615,s1-eth1,5753200.00,140600.00,5893800.00,140600,5753200,3800.00,1900.00,5700.00,1900,3800,0.00,0.00,0,0
1527055615,s3,0.00,342.00,342.00,342,0,0.00,1.00,1.00,1,0,0.00,0.00,0,0
1527055615,s2-eth3,342.00,0.00,342.00,0,342,1.00,0.00,1.00,0,1,0.00,0.00,0,0
1527055615,s2-eth4,0.00,0.00,0.00,0,0,0.00,0.00,0.00,0,0,0.00,0.00,0,0
1527055615,lo,498.00,498.00,996.00,498,498,6.00,6.00,12.00,6,6,0.00,0.00,0,0
1527055615,s3-eth4,0.00,342.00,342.00,342,0,0.00,1.00,1.00,1,0,0.00,0.00,0,0
1527055615,total,5894566.00,5896496.00,11791062.00,5896496,5894566,5706.00,5709.00,11415.00,5709,5706,0.00,0.00,0,0
1527055616,s1,0.00,214.00,214.00,214,0,0.00,2.00,2.00,2,0,0.00,0.00,0,0
1527055616,eth0,0.00,0.00,0.00,0,0,0.00,0.00,0.00,0,0,0.00,0.00,0,0
1527055616,eth1,0.00,0.00,0.00,0,0,0.00,0.00,0.00,0,0,0.00,0.00,0,0
1527055616,s2,0.00,214.00,214.00,214,0,0.00,2.00,2.00,2,0,0.00,0.00,0,0
1527055616,s1-eth2,141850.00,5778938.00,5920788.00,5778938,141850,1916.00,3817.00,5733.00,3817,1916,0.00,0.00,0,0
1527055616,s1-eth3,107.00,214.00,321.00,214,107,1.00,2.00,3.00,2,1,0.00,0.00,0,0
1527055616,s1-eth1,5794399.00,141562.00,5935961.00,141562,5794399,3830.00,1913.00,5743.00,1913,3830,0.00,0.00,0,0
1527055616,s3,0.00,214.00,214.00,214,0,0.00,2.00,2.00,2,0,0.00,0.00,0,0
1527055616,s2-eth3,214.00,107.00,321.00,107,214,2.00,1.00,3.00,1,2,0.00,0.00,0,0
1527055616,s2-eth4,214.00,107.00,321.00,107,214,2.00,1.00,3.00,1,2,0.00,0.00,0,0
1527055616,lo,2174.00,2174.00,4348.00,2174,2174,24.00,24.00,48.00,24,24,0.00,0.00,0,0
1527055616,s3-eth4,107.00,214.00,321.00,214,107,1.00,2.00,3.00,2,1,0.00,0.00,0,0
1527055616,total,5939065.00,5923958.00,11863023.00,5923958,5939065,5776.00,5766.00,11542.00,5766,5776,0.00,0.00,0,0
1527055617,s1,0.00,0.00,0.00,0,0,0.00,0.00,0.00,0,0,0.00,0.00,0,0
1527055617,eth0,304.00,458.00,762.00,458,304,4.00,4.00,8.00,4,4,0.00,0.00,0,0
1527055617,eth1,0.00,0.00,0.00,0,0,0.00,0.00,0.00,0,0,0.00,0.00,0,0
1527055617,s2,0.00,0.00,0.00,0,0,0.00,0.00,0.00,0,0,0.00,0.00,0,0
1527055617,s1-eth2,138635.00,5679014.00,5817649.00,5679014,138635,1873.00,3751.00,5624.00,3751,1873,0.00,0.00,0,0
1527055617,s1-eth3,0.00,0.00,0.00,0,0,0.00,0.00,0.00,0,0,0.00,0.00,0,0
1527055617,s1-eth1,5672958.00,138602.00,5811560.00,138602,5672958,3747.00,1873.00,5620.00,1873,3747,0.00,0.00,0,0
1527055617,s3,0.00,0.00,0.00,0,0,0.00,0.00,0.00,0,0,0.00,0.00,0,0
1527055617,s2-eth3,0.00,0.00,0.00,0,0,0.00,0.00,0.00,0,0,0.00,0.00,0,0
1527055617,s2-eth4,0.00,0.00,0.00,0,0,0.00,0.00,0.00,0,0,0.00,0.00,0,0
1527055617,lo,650.00,650.00,1300.00,650,650,8.00,8.00,16.00,8,8,0.00,0.00,0,0
1527055617,s3-eth4,0.00,0.00,0.00,0,0,0.00,0.00,0.00,0,0,0.00,0.00,0,0
1527055617,total,5812547.00,5818724.00,11631271.00,5818724,5812547,5632.00,5636.00,11268.00,5636,5632,0.00,0.00,0,0
1527055618,s1,0.00,0.00,0.00,0,0,0.00,0.00,0.00,0,0,0.00,0.00,0,0
1527055618,eth0,304.00,321.00,625.00,321,304,4.00,3.00,7.00,3,4,0.00,0.00,0,0
1527055618,eth1,0.00,0.00,0.00,0,0,0.00,0.00,0.00,0,0,0.00,0.00,0,0
1527055618,s2,0.00,0.00,0.00,0,0,0.00,0.00,0.00,0,0,0.00,0.00,0,0
1527055618,s1-eth2,141340.00,5788022.00,5929362.00,5788022,141340,1910.00,3823.00,5733.00,3823,1910,0.00,0.00,0,0
1527055618,s1-eth3,0.00,0.00,0.00,0,0,0.00,0.00,0.00,0,0,0.00,0.00,0,0
1527055618,s1-eth1,5780452.00,141266.00,5921718.00,141266,5780452,3818.00,1909.00,5727.00,1909,3818,0.00,0.00,0,0
1527055618,s3,0.00,0.00,0.00,0,0,0.00,0.00,0.00,0,0,0.00,0.00,0,0
1527055618,s2-eth3,0.00,0.00,0.00,0,0,0.00,0.00,0.00,0,0,0.00,0.00,0,0
1527055618,s2-eth4,0.00,0.00,0.00,0,0,0.00,0.00,0.00,0,0,0.00,0.00,0,0
1527055618,lo,527.00,527.00,1054.00,527,527,7.00,7.00,14.00,7,7,0.00,0.00,0,0
1527055618,s3-eth4,0.00,0.00,0.00,0,0,0.00,0.00,0.00,0,0,0.00,0.00,0,0
1527055618,total,5922623.00,5930136.00,11852759.00,5930136,5922623,5739.00,5742.00,11481.00,5742,5739,0.00,0.00,0,0
1527055619,s1,0.00,0.00,0.00,0,0,0.00,0.00,0.00,0,0,0.00,0.00,0,0
1527055619,eth0,152.00,229.00,381.00,229,152,2.00,2.00,4.00,2,2,0.00,0.00,0,0
1527055619,eth1,0.00,0.00,0.00,0,0,0.00,0.00,0.00,0,0,0.00,0.00,0,0
1527055619,s2,0.00,342.00,342.00,342,0,0.00,1.00,1.00,1,0,0.00,0.00,0,0
1527055619,s1-eth2,141312.00,5774396.00,5915708.00,5774396,141312,1906.00,3814.00,5720.00,3814,1906,0.00,0.00,0,0
1527055619,s1-eth3,342.00,0.00,342.00,0,342,1.00,0.00,1.00,0,1,0.00,0.00,0,0
1527055619,s1-eth1,5771368.00,141044.00,5912412.00,141044,5771368,3812.00,1906.00,5718.00,1906,3812,0.00,0.00,0,0
1527055619,s3,0.00,342.00,342.00,342,0,0.00,1.00,1.00,1,0,0.00,0.00,0,0
1527055619,s2-eth3,342.00,0.00,342.00,0,342,1.00,0.00,1.00,0,1,0.00,0.00,0,0
1527055619,s2-eth4,0.00,342.00,342.00,342,0,0.00,1.00,1.00,1,0,0.00,0.00,0,0
1527055619,lo,977.00,977.00,1954.00,977,977,10.00,10.00,20.00,10,10,0.00,0.00,0,0
1527055619,s3-eth4,0.00,342.00,342.00,342,0,0.00,1.00,1.00,1,0,0.00,0.00,0,0
1527055619,total,5914493.00,5918014.00,11832507.00,5918014,5914493,5732.00,5736.00,11468.00,5736,5732,0.00,0.00,0,0
1527055620,s1,0.00,0.00,0.00,0,0,0.00,0.00,0.00,0,0,0.00,0.00,0,0
1527055620,eth0,0.00,137.00,137.00,137,0,0.00,1.00,1.00,1,0,0.00,0.00,0,0
1527055620,eth1,0.00,0.00,0.00,0,0,0.00,0.00,0.00,0,0,0.00,0.00,0,0
1527055620,s2,0.00,0.00,0.00,0,0,0.00,0.00,0.00,0,0,0.00,0.00,0,0
1527055620,s1-eth2,140008.00,5732004.00,5872012.00,5732004,140008,1892.00,3786.00,5678.00,3786,1892,0.00,0.00,0,0
1527055620,s1-eth3,0.00,0.00,0.00,0,0,0.00,0.00,0.00,0,0,0.00,0.00,0,0
1527055620,s1-eth1,5725948.00,139934.00,5865882.00,139934,5725948,3782.00,1891.00,5673.00,1891,3782,0.00,0.00,0,0
1527055620,s3,0.00,0.00,0.00,0,0,0.00,0.00,0.00,0,0,0.00,0.00,0,0
1527055620,s2-eth3,0.00,0.00,0.00,0,0,0.00,0.00,0.00,0,0,0.00,0.00,0,0
1527055620,s2-eth4,0.00,0.00,0.00,0,0,0.00,0.00,0.00,0,0,0.00,0.00,0,0
1527055620,lo,123.00,123.00,246.00,123,123,1.00,1.00,2.00,1,1,0.00,0.00,0,0
1527055620,s3-eth4,0.00,0.00,0.00,0,0,0.00,0.00,0.00,0,0,0.00,0.00,0,0
1527055620,total,5866079.00,5872198.00,11738277.00,5872198,5866079,5675.00,5679.00,11354.00,5679,5675,0.00,0.00,0,0
1527055621,s1,0.00,0.00,0.00,0,0,0.00,0.00,0.00,0,0,0.00,0.00,0,0
1527055621,eth0,0.00,0.00,0.00,0,0,0.00,0.00,0.00,0,0,0.00,0.00,0,0
1527055621,eth1,0.00,0.00,0.00,0,0,0.00,0.00,0.00,0,0,0.00,0.00,0,0
1527055621,s2,0.00,0.00,0.00,0,0,0.00,0.00,0.00,0,0,0.00,0.00,0,0
1527055621,s1-eth2,142080.00,5812246.00,5954326.00,5812246,142080,1920.00,3839.00,5759.00,3839,1920,0.00,0.00,0,0
1527055621,s1-eth3,0.00,0.00,0.00,0,0,0.00,0.00,0.00,0,0,0.00,0.00,0,0
1527055621,s1-eth1,5810732.00,142006.00,5952738.00,142006,5810732,3838.00,1919.00,5757.00,1919,3838,0.00,0.00,0,0
1527055621,s3,0.00,0.00,0.00,0,0,0.00,0.00,0.00,0,0,0.00,0.00,0,0
1527055621,s2-eth3,0.00,0.00,0.00,0,0,0.00,0.00,0.00,0,0,0.00,0.00,0,0
1527055621,s2-eth4,0.00,0.00,0.00,0,0,0.00,0.00,0.00,0,0,0.00,0.00,0,0
1527055621,lo,172.00,172.00,344.00,172,172,3.00,3.00,6.00,3,3,0.00,0.00,0,0
1527055621,s3-eth4,0.00,0.00,0.00,0,0,0.00,0.00,0.00,0,0,0.00,0.00,0,0
1527055621,total,5952984.00,5954424.00,11907408.00,5954424,5952984,5761.00,5761.00,11522.00,5761,5761,0.00,0.00,0,0
1527055622,s1,0.00,341.66,341.66,342,0,0.00,1.00,1.00,1,0,0.00,0.00,0,0
1527055622,eth0,59.94,59.94,119.88,60,60,1.00,1.00,2.00,1,1,0.00,0.00,0,0
1527055622,eth1,0.00,0.00,0.00,0,0,0.00,0.00,0.00,0,0,0.00,0.00,0,0
1527055622,s2,0.00,341.66,341.66,342,0,0.00,1.00,1.00,1,0,0.00,0.00,0,0
1527055622,s1-eth2,141540.47,5773165.00,5914705.50,5778938,141682,1909.09,3813.19,5722.28,3817,1911,0.00,0.00,0,0
1527055622,s1-eth3,0.00,341.66,341.66,342,0,0.00,1.00,1.00,1,0,0.00,0.00,0,0
1527055622,s1-eth1,5779556.50,141272.73,5920829.50,141414,5785336,3818.18,1909.09,5727.27,1911,3822,0.00,0.00,0,0
1527055622,s3,0.00,0.00,0.00,0,0,0.00,0.00,0.00,0,0,0.00,0.00,0,0
1527055622,s2-eth3,0.00,341.66,341.66,342,0,0.00,1.00,1.00,1,0,0.00,0.00,0,0
1527055622,s2-eth4,341.66,0.00,341.66,0,342,1.00,0.00,1.00,0,1,0.00,0.00,0,0
1527055622,lo,651.35,651.35,1302.70,652,652,5.99,5.99,11.99,6,6,0.00,0.00,0,0
1527055622,s3-eth4,341.66,0.00,341.66,0,342,1.00,0.00,1.00,0,1,0.00,0.00,0,0
1527055622,total,5922491.50,5916515.50,11839007.00,5922432,5928414,5736.26,5733.27,11469.53,5739,5742,0.00,0.00,0,0
1527055623,s1,0.00,0.00,0.00,0,0,0.00,0.00,0.00,0,0,0.00,0.00,0,0
1527055623,eth0,0.00,0.00,0.00,0,0,0.00,0.00,0.00,0,0,0.00,0.00,0,0
1527055623,eth1,0.00,0.00,0.00,0,0,0.00,0.00,0.00,0,0,0.00,0.00,0,0
1527055623,s2,0.00,0.00,0.00,0,0,0.00,0.00,0.00,0,0,0.00,0.00,0,0
1527055623,s1-eth2,141562.00,5806190.00,5947752.00,5806190,141562,1913.00,3835.00,5748.00,3835,1913,0.00,0.00,0,0
1527055623,s1-eth3,0.00,0.00,0.00,0,0,0.00,0.00,0.00,0,0,0.00,0.00,0,0
1527055623,s1-eth1,5794078.00,141562.00,5935640.00,141562,5794078,3827.00,1913.00,5740.00,1913,3827,0.00,0.00,0,0
1527055623,s3,0.00,0.00,0.00,0,0,0.00,0.00,0.00,0,0,0.00,0.00,0,0
1527055623,s2-eth3,0.00,0.00,0.00,0,0,0.00,0.00,0.00,0,0,0.00,0.00,0,0
1527055623,s2-eth4,0.00,0.00,0.00,0,0,0.00,0.00,0.00,0,0,0.00,0.00,0,0
1527055623,lo,172.00,172.00,344.00,172,172,3.00,3.00,6.00,3,3,0.00,0.00,0,0
1527055623,s3-eth4,0.00,0.00,0.00,0,0,0.00,0.00,0.00,0,0,0.00,0.00,0,0
1527055623,total,5935812.00,5947924.00,11883736.00,5947924,5935812,5743.00,5751.00,11494.00,5751,5743,0.00,0.00,0,0
1527055624,s1,0.00,0.00,0.00,0,0,0.00,0.00,0.00,0,0,0.00,0.00,0,0
1527055624,eth0,0.00,0.00,0.00,0,0,0.00,0.00,0.00,0,0,0.00,0.00,0,0
1527055624,eth1,0.00,0.00,0.00,0,0,0.00,0.00,0.00,0,0,0.00,0.00,0,0
1527055624,s2,0.00,0.00,0.00,0,0,0.00,0.00,0.00,0,0,0.00,0.00,0,0
1527055624,s1-eth2,140896.00,5769854.00,5910750.00,5769854,140896,1904.00,3811.00,5715.00,3811,1904,0.00,0.00,0,0
1527055624,s1-eth3,0.00,0.00,0.00,0,0,0.00,0.00,0.00,0,0,0.00,0.00,0,0
1527055624,s1-eth1,5765654.00,140896.00,5906550.00,140896,5765654,3809.00,1904.00,5713.00,1904,3809,0.00,0.00,0,0
1527055624,s3,0.00,0.00,0.00,0,0,0.00,0.00,0.00,0,0,0.00,0.00,0,0
1527055624,s2-eth3,0.00,0.00,0.00,0,0,0.00,0.00,0.00,0,0,0.00,0.00,0,0
1527055624,s2-eth4,0.00,0.00,0.00,0,0,0.00,0.00,0.00,0,0,0.00,0.00,0,0
1527055624,lo,0.00,0.00,0.00,0,0,0.00,0.00,0.00,0,0,0.00,0.00,0,0
1527055624,s3-eth4,0.00,0.00,0.00,0,0,0.00,0.00,0.00,0,0,0.00,0.00,0,0
1527055624,total,5906550.00,5910750.00,11817300.00,5910750,5906550,5713.00,5715.00,11428.00,5715,5713,0.00,0.00,0,0
1527055625,s1,0.00,0.00,0.00,0,0,0.00,0.00,0.00,0,0,0.00,0.00,0,0
1527055625,eth0,0.00,0.00,0.00,0,0,0.00,0.00,0.00,0,0,0.00,0.00,0,0
1527055625,eth1,0.00,0.00,0.00,0,0,0.00,0.00,0.00,0,0,0.00,0.00,0,0
1527055625,s2,0.00,0.00,0.00,0,0,0.00,0.00,0.00,0,0,0.00,0.00,0,0
1527055625,s1-eth2,141044.00,5771368.00,5912412.00,5771368,141044,1906.00,3812.00,5718.00,3812,1906,0.00,0.00,0,0
1527055625,s1-eth3,0.00,0.00,0.00,0,0,0.00,0.00,0.00,0,0,0.00,0.00,0,0
1527055625,s1-eth1,5769854.00,141044.00,5910898.00,141044,5769854,3811.00,1906.00,5717.00,1906,3811,0.00,0.00,0,0
1527055625,s3,0.00,342.00,342.00,342,0,0.00,1.00,1.00,1,0,0.00,0.00,0,0
1527055625,s2-eth3,342.00,0.00,342.00,0,342,1.00,0.00,1.00,0,1,0.00,0.00,0,0
1527055625,s2-eth4,0.00,0.00,0.00,0,0,0.00,0.00,0.00,0,0,0.00,0.00,0,0
1527055625,lo,326.00,326.00,652.00,326,326,3.00,3.00,6.00,3,3,0.00,0.00,0,0
1527055625,s3-eth4,0.00,342.00,342.00,342,0,0.00,1.00,1.00,1,0,0.00,0.00,0,0
1527055625,total,5911566.00,5913422.00,11824988.00,5913422,5911566,5721.00,5723.00,11444.00,5723,5721,0.00,0.00,0,0
1527055626,s1,0.00,0.00,0.00,0,0,0.00,0.00,0.00,0,0,0.00,0.00,0,0
1527055626,eth0,0.00,0.00,0.00,0,0,0.00,0.00,0.00,0,0,0.00,0.00,0,0
1527055626,eth1,0.00,0.00,0.00,0,0,0.00,0.00,0.00,0,0,0.00,0.00,0,0
1527055626,s2,0.00,0.00,0.00,0,0,0.00,0.00,0.00,0,0,0.00,0.00,0,0
1527055626,s1-eth2,141118.00,5784994.00,5926112.00,5784994,141118,1907.00,3821.00,5728.00,3821,1907,0.00,0.00,0,0
1527055626,s1-eth3,0.00,0.00,0.00,0,0,0.00,0.00,0.00,0,0,0.00,0.00,0,0
1527055626,s1-eth1,5778938.00,141192.00,5920130.00,141192,5778938,3817.00,1908.00,5725.00,1908,3817,0.00,0.00,0,0
1527055626,s3,0.00,0.00,0.00,0,0,0.00,0.00,0.00,0,0,0.00,0.00,0,0
1527055626,s2-eth3,0.00,0.00,0.00,0,0,0.00,0.00,0.00,0,0,0.00,0.00,0,0
1527055626,s2-eth4,0.00,0.00,0.00,0,0,0.00,0.00,0.00,0,0,0.00,0.00,0,0
1527055626,lo,344.00,344.00,688.00,344,344,6.00,6.00,12.00,6,6,0.00,0.00,0,0
1527055626,s3-eth4,0.00,0.00,0.00,0,0,0.00,0.00,0.00,0,0,0.00,0.00,0,0
1527055626,total,5920400.00,5926530.00,11846930.00,5926530,5920400,5730.00,5735.00,11465.00,5735,5730,0.00,0.00,0,0
1527055627,s1,0.00,342.00,342.00,342,0,0.00,1.00,1.00,1,0,0.00,0.00,0,0
1527055627,eth0,0.00,0.00,0.00,0,0,0.00,0.00,0.00,0,0,0.00,0.00,0,0
1527055627,eth1,0.00,0.00,0.00,0,0,0.00,0.00,0.00,0,0,0.00,0.00,0,0
1527055627,s2,0.00,0.00,0.00,0,0,0.00,0.00,0.00,0,0,0.00,0.00,0,0
1527055627,s1-eth2,141340.00,5771368.00,5912708.00,5771368,141340,1910.00,3812.00,5722.00,3812,1910,0.00,0.00,0,0
1527055627,s1-eth3,0.00,342.00,342.00,342,0,0.00,1.00,1.00,1,0,0.00,0.00,0,0
1527055627,s1-eth1,5777424.00,141266.00,5918690.00,141266,5777424,3816.00,1909.00,5725.00,1909,3816,0.00,0.00,0,0
1527055627,s3,0.00,0.00,0.00,0,0,0.00,0.00,0.00,0,0,0.00,0.00,0,0
1527055627,s2-eth3,0.00,0.00,0.00,0,0,0.00,0.00,0.00,0,0,0.00,0.00,0,0
1527055627,s2-eth4,342.00,0.00,342.00,0,342,1.00,0.00,1.00,0,1,0.00,0.00,0,0
1527055627,lo,326.00,326.00,652.00,326,326,3.00,3.00,6.00,3,3,0.00,0.00,0,0
1527055627,s3-eth4,0.00,0.00,0.00,0,0,0.00,0.00,0.00,0,0,0.00,0.00,0,0
1527055627,total,5919432.00,5913644.00,11833076.00,5913644,5919432,5730.00,5726.00,11456.00,5726,5730,0.00,0.00,0,0
1527055628,s1,0.00,0.00,0.00,0,0,0.00,0.00,0.00,0,0,0.00,0.00,0,0
1527055628,eth0,0.00,0.00,0.00,0,0,0.00,0.00,0.00,0,0,0.00,0.00,0,0
1527055628,eth1,0.00,0.00,0.00,0,0,0.00,0.00,0.00,0,0,0.00,0.00,0,0
1527055628,s2,0.00,0.00,0.00,0,0,0.00,0.00,0.00,0,0,0.00,0.00,0,0
1527055628,s1-eth2,141756.00,5780452.00,5922208.00,5780452,141756,1912.00,3818.00,5730.00,3818,1912,0.00,0.00,0,0
1527055628,s1-eth3,0.00,0.00,0.00,0,0,0.00,0.00,0.00,0,0,0.00,0.00,0,0
1527055628,s1-eth1,5791392.00,141414.00,5932806.00,141414,5791392,3826.00,1911.00,5737.00,1911,3826,0.00,0.00,0,0
1527055628,s3,0.00,0.00,0.00,0,0,0.00,0.00,0.00,0,0,0.00,0.00,0,0
1527055628,s2-eth3,0.00,0.00,0.00,0,0,0.00,0.00,0.00,0,0,0.00,0.00,0,0
1527055628,s2-eth4,0.00,0.00,0.00,0,0,0.00,0.00,0.00,0,0,0.00,0.00,0,0
1527055628,lo,0.00,0.00,0.00,0,0,0.00,0.00,0.00,0,0,0.00,0.00,0,0
1527055628,s3-eth4,0.00,0.00,0.00,0,0,0.00,0.00,0.00,0,0,0.00,0.00,0,0
1527055628,total,5933148.00,5921866.00,11855014.00,5921866,5933148,5738.00,5729.00,11467.00,5729,5738,0.00,0.00,0,0
1527055629,s1,0.00,0.00,0.00,0,0,0.00,0.00,0.00,0,0,0.00,0.00,0,0
1527055629,eth0,0.00,0.00,0.00,0,0,0.00,0.00,0.00,0,0,0.00,0.00,0,0
1527055629,eth1,0.00,0.00,0.00,0,0,0.00,0.00,0.00,0,0,0.00,0.00,0,0
1527055629,s2,0.00,0.00,0.00,0,0,0.00,0.00,0.00,0,0,0.00,0.00,0,0
1527055629,s1-eth2,141710.00,5804676.00,5946386.00,5804676,141710,1915.00,3834.00,5749.00,3834,1915,0.00,0.00,0,0
1527055629,s1-eth3,0.00,0.00,0.00,0,0,0.00,0.00,0.00,0,0,0.00,0.00,0,0
1527055629,s1-eth1,5795592.00,141784.00,5937376.00,141784,5795592,3828.00,1916.00,5744.00,1916,3828,0.00,0.00,0,0
1527055629,s3,0.00,0.00,0.00,0,0,0.00,0.00,0.00,0,0,0.00,0.00,0,0
1527055629,s2-eth3,0.00,0.00,0.00,0,0,0.00,0.00,0.00,0,0,0.00,0.00,0,0
1527055629,s2-eth4,0.00,0.00,0.00,0,0,0.00,0.00,0.00,0,0,0.00,0.00,0,0
1527055629,lo,172.00,172.00,344.00,172,172,3.00,3.00,6.00,3,3,0.00,0.00,0,0
1527055629,s3-eth4,0.00,0.00,0.00,0,0,0.00,0.00,0.00,0,0,0.00,0.00,0,0
1527055629,total,5937474.00,5946632.00,11884106.00,5946632,5937474,5746.00,5753.00,11499.00,5753,5746,0.00,0.00,0,0
1527055630,s1,0.00,0.00,0.00,0,0,0.00,0.00,0.00,0,0,0.00,0.00,0,0
1527055630,eth0,0.00,0.00,0.00,0,0,0.00,0.00,0.00,0,0,0.00,0.00,0,0
1527055630,eth1,0.00,0.00,0.00,0,0,0.00,0.00,0.00,0,0,0.00,0.00,0,0
1527055630,s2,0.00,0.00,0.00,0,0,0.00,0.00,0.00,0,0,0.00,0.00,0,0
1527055630,s1-eth2,141266.00,5780452.00,5921718.00,5780452,141266,1909.00,3818.00,5727.00,3818,1909,0.00,0.00,0,0
1527055630,s1-eth3,0.00,0.00,0.00,0,0,0.00,0.00,0.00,0,0,0.00,0.00,0,0
1527055630,s1-eth1,5780452.00,141192.00,5921644.00,141192,5780452,3818.00,1908.00,5726.00,1908,3818,0.00,0.00,0,0
1527055630,s3,0.00,0.00,0.00,0,0,0.00,0.00,0.00,0,0,0.00,0.00,0,0
1527055630,s2-eth3,0.00,0.00,0.00,0,0,0.00,0.00,0.00,0,0,0.00,0.00,0,0
1527055630,s2-eth4,0.00,0.00,0.00,0,0,0.00,0.00,0.00,0,0,0.00,0.00,0,0
1527055630,lo,0.00,0.00,0.00,0,0,0.00,0.00,0.00,0,0,0.00,0.00,0,0
1527055630,s3-eth4,0.00,0.00,0.00,0,0,0.00,0.00,0.00,0,0,0.00,0.00,0,0
1527055630,total,5921718.00,5921644.00,11843362.00,5921644,5921718,5727.00,5726.00,11453.00,5726,5727,0.00,0.00,0,0
1527055631,s1,0.00,0.00,0.00,0,0,0.00,0.00,0.00,0,0,0.00,0.00,0,0
1527055631,eth0,0.00,0.00,0.00,0,0,0.00,0.00,0.00,0,0,0.00,0.00,0,0
1527055631,eth1,0.00,0.00,0.00,0,0,0.00,0.00,0.00,0,0,0.00,0.00,0,0
1527055631,s2,0.00,0.00,0.00,0,0,0.00,0.00,0.00,0,0,0.00,0.00,0,0
1527055631,s1-eth2,140822.00,5763798.00,5904620.00,5763798,140822,1903.00,3807.00,5710.00,3807,1903,0.00,0.00,0,0
1527055631,s1-eth3,0.00,0.00,0.00,0,0,0.00,0.00,0.00,0,0,0.00,0.00,0,0
1527055631,s1-eth1,5762284.00,140822.00,5903106.00,140822,5762284,3806.00,1903.00,5709.00,1903,3806,0.00,0.00,0,0
1527055631,s3,0.00,0.00,0.00,0,0,0.00,0.00,0.00,0,0,0.00,0.00,0,0
1527055631,s2-eth3,0.00,0.00,0.00,0,0,0.00,0.00,0.00,0,0,0.00,0.00,0,0
1527055631,s2-eth4,0.00,0.00,0.00,0,0,0.00,0.00,0.00,0,0,0.00,0.00,0,0
1527055631,lo,172.00,172.00,344.00,172,172,3.00,3.00,6.00,3,3,0.00,0.00,0,0
1527055631,s3-eth4,0.00,0.00,0.00,0,0,0.00,0.00,0.00,0,0,0.00,0.00,0,0
1527055631,total,5903278.00,5904792.00,11808070.00,5904792,5903278,5712.00,5713.00,11425.00,5713,5712,0.00,0.00,0,0
1527055632,s1,0.00,214.00,214.00,214,0,0.00,2.00,2.00,2,0,0.00,0.00,0,0
1527055632,eth0,0.00,0.00,0.00,0,0,0.00,0.00,0.00,0,0,0.00,0.00,0,0
1527055632,eth1,0.00,0.00,0.00,0,0,0.00,0.00,0.00,0,0,0.00,0.00,0,0
1527055632,s2,0.00,214.00,214.00,214,0,0.00,2.00,2.00,2,0,0.00,0.00,0,0
1527055632,s1-eth2,141082.00,5757742.00,5898824.00,5757742,141082,1902.00,3803.00,5705.00,3803,1902,0.00,0.00,0,0
1527055632,s1-eth3,107.00,214.00,321.00,214,107,1.00,2.00,3.00,2,1,0.00,0.00,0,0
1527055632,s1-eth1,5753521.00,140600.00,5894121.00,140600,5753521,3803.00,1900.00,5703.00,1900,3803,0.00,0.00,0,0
1527055632,s3,0.00,214.00,214.00,214,0,0.00,2.00,2.00,2,0,0.00,0.00,0,0
1527055632,s2-eth3,214.00,107.00,321.00,107,214,2.00,1.00,3.00,1,2,0.00,0.00,0,0
1527055632,s2-eth4,214.00,107.00,321.00,107,214,2.00,1.00,3.00,1,2,0.00,0.00,0,0
1527055632,lo,2002.00,2002.00,4004.00,2002,2002,21.00,21.00,42.00,21,21,0.00,0.00,0,0
1527055632,s3-eth4,107.00,214.00,321.00,214,107,1.00,2.00,3.00,2,1,0.00,0.00,0,0
1527055632,total,5897247.00,5901628.00,11798875.00,5901628,5897247,5732.00,5736.00,11468.00,5736,5732,0.00,0.00,0,0
1527055633,s1,0.00,0.00,0.00,0,0,0.00,0.00,0.00,0,0,0.00,0.00,0,0
1527055633,eth0,0.00,0.00,0.00,0,0,0.00,0.00,0.00,0,0,0.00,0.00,0,0
1527055633,eth1,0.00,0.00,0.00,0,0,0.00,0.00,0.00,0,0,0.00,0.00,0,0
1527055633,s2,0.00,0.00,0.00,0,0,0.00,0.00,0.00,0,0,0.00,0.00,0,0
1527055633,s1-eth2,141299.00,5783480.00,5924779.00,5783480,141299,1909.00,3820.00,5729.00,3820,1909,0.00,0.00,0,0
1527055633,s1-eth3,0.00,0.00,0.00,0,0,0.00,0.00,0.00,0,0,0.00,0.00,0,0
1527055633,s1-eth1,5780452.00,141192.00,5921644.00,141192,5780452,3818.00,1908.00,5726.00,1908,3818,0.00,0.00,0,0
1527055633,s3,0.00,0.00,0.00,0,0,0.00,0.00,0.00,0,0,0.00,0.00,0,0
1527055633,s2-eth3,0.00,0.00,0.00,0,0,0.00,0.00,0.00,0,0,0.00,0.00,0,0
1527055633,s2-eth4,0.00,0.00,0.00,0,0,0.00,0.00,0.00,0,0,0.00,0.00,0,0
1527055633,lo,0.00,0.00,0.00,0,0,0.00,0.00,0.00,0,0,0.00,0.00,0,0
1527055633,s3-eth4,0.00,0.00,0.00,0,0,0.00,0.00,0.00,0,0,0.00,0.00,0,0
1527055633,total,5921751.00,5924672.00,11846423.00,5924672,5921751,5727.00,5728.00,11455.00,5728,5727,0.00,0.00,0,0
1527055634,s1,0.00,0.00,0.00,0,0,0.00,0.00,0.00,0,0,0.00,0.00,0,0
1527055634,eth0,0.00,0.00,0.00,0,0,0.00,0.00,0.00,0,0,0.00,0.00,0,0
1527055634,eth1,0.00,0.00,0.00,0,0,0.00,0.00,0.00,0,0,0.00,0.00,0,0
1527055634,s2,0.00,342.00,342.00,342,0,0.00,1.00,1.00,1,0,0.00,0.00,0,0
1527055634,s1-eth2,137048.00,5600286.00,5737334.00,5600286,137048,1852.00,3699.00,5551.00,3699,1852,0.00,0.00,0,0
1527055634,s1-eth3,342.00,0.00,342.00,0,342,1.00,0.00,1.00,0,1,0.00,0.00,0,0
1527055634,s1-eth1,5598772.00,136974.00,5735746.00,136974,5598772,3698.00,1851.00,5549.00,1851,3698,0.00,0.00,0,0
1527055634,s3,0.00,342.00,342.00,342,0,0.00,1.00,1.00,1,0,0.00,0.00,0,0
1527055634,s2-eth3,342.00,0.00,342.00,0,342,1.00,0.00,1.00,0,1,0.00,0.00,0,0
1527055634,s2-eth4,0.00,342.00,342.00,342,0,0.00,1.00,1.00,1,0,0.00,0.00,0,0
1527055634,lo,652.00,652.00,1304.00,652,652,6.00,6.00,12.00,6,6,0.00,0.00,0,0
1527055634,s3-eth4,0.00,342.00,342.00,342,0,0.00,1.00,1.00,1,0,0.00,0.00,0,0
1527055634,total,5737156.00,5739280.00,11476436.00,5739280,5737156,5558.00,5560.00,11118.00,5560,5558,0.00,0.00,0,0
1527055635,s1,0.00,0.00,0.00,0,0,0.00,0.00,0.00,0,0,0.00,0.00,0,0
1527055635,eth0,0.00,0.00,0.00,0,0,0.00,0.00,0.00,0,0,0.00,0.00,0,0
1527055635,eth1,0.00,0.00,0.00,0,0,0.00,0.00,0.00,0,0,0.00,0.00,0,0
1527055635,s2,0.00,0.00,0.00,0,0,0.00,0.00,0.00,0,0,0.00,0.00,0,0
1527055635,s1-eth2,140600.00,5763798.00,5904398.00,5763798,140600,1900.00,3807.00,5707.00,3807,1900,0.00,0.00,0,0
1527055635,s1-eth3,0.00,0.00,0.00,0,0,0.00,0.00,0.00,0,0,0.00,0.00,0,0
1527055635,s1-eth1,5754714.00,140600.00,5895314.00,140600,5754714,3801.00,1900.00,5701.00,1900,3801,0.00,0.00,0,0
1527055635,s3,0.00,0.00,0.00,0,0,0.00,0.00,0.00,0,0,0.00,0.00,0,0
1527055635,s2-eth3,0.00,0.00,0.00,0,0,0.00,0.00,0.00,0,0,0.00,0.00,0,0
1527055635,s2-eth4,0.00,0.00,0.00,0,0,0.00,0.00,0.00,0,0,0.00,0.00,0,0
1527055635,lo,0.00,0.00,0.00,0,0,0.00,0.00,0.00,0,0,0.00,0.00,0,0
1527055635,s3-eth4,0.00,0.00,0.00,0,0,0.00,0.00,0.00,0,0,0.00,0.00,0,0
1527055635,total,5895314.00,5904398.00,11799712.00,5904398,5895314,5701.00,5707.00,11408.00,5707,5701,0.00,0.00,0,0
1527055636,s1,0.00,0.00,0.00,0,0,0.00,0.00,0.00,0,0,0.00,0.00,0,0
1527055636,eth0,0.00,0.00,0.00,0,0,0.00,0.00,0.00,0,0,0.00,0.00,0,0
1527055636,eth1,0.00,0.00,0.00,0,0,0.00,0.00,0.00,0,0,0.00,0.00,0,0
1527055636,s2,0.00,0.00,0.00,0,0,0.00,0.00,0.00,0,0,0.00,0.00,0,0
1527055636,s1-eth2,140230.00,5748658.00,5888888.00,5748658,140230,1895.00,3797.00,5692.00,3797,1895,0.00,0.00,0,0
1527055636,s1-eth3,0.00,0.00,0.00,0,0,0.00,0.00,0.00,0,0,0.00,0.00,0,0
1527055636,s1-eth1,5744116.00,140304.00,5884420.00,140304,5744116,3794.00,1896.00,5690.00,1896,3794,0.00,0.00,0,0
1527055636,s3,0.00,0.00,0.00,0,0,0.00,0.00,0.00,0,0,0.00,0.00,0,0
1527055636,s2-eth3,0.00,0.00,0.00,0,0,0.00,0.00,0.00,0,0,0.00,0.00,0,0
1527055636,s2-eth4,0.00,0.00,0.00,0,0,0.00,0.00,0.00,0,0,0.00,0.00,0,0
1527055636,lo,0.00,0.00,0.00,0,0,0.00,0.00,0.00,0,0,0.00,0.00,0,0
1527055636,s3-eth4,0.00,0.00,0.00,0,0,0.00,0.00,0.00,0,0,0.00,0.00,0,0
1527055636,total,5884346.00,5888962.00,11773308.00,5888962,5884346,5689.00,5693.00,11382.00,5693,5689,0.00,0.00,0,0
1527055637,s1,0.00,0.00,0.00,0,0,0.00,0.00,0.00,0,0,0.00,0.00,0,0
1527055637,eth0,0.00,0.00,0.00,0,0,0.00,0.00,0.00,0,0,0.00,0.00,0,0
1527055637,eth1,0.00,0.00,0.00,0,0,0.00,0.00,0.00,0,0,0.00,0.00,0,0
1527055637,s2,0.00,0.00,0.00,0,0,0.00,0.00,0.00,0,0,0.00,0.00,0,0
1527055637,s1-eth2,141050.95,5779215.00,5920266.00,5784994,141192,1906.09,3817.18,5723.28,3821,1908,0.00,0.00,0,0
1527055637,s1-eth3,0.00,0.00,0.00,0,0,0.00,0.00,0.00,0,0,0.00,0.00,0,0
1527055637,s1-eth1,5767115.00,140977.03,5908092.00,141118,5772882,3809.19,1905.09,5714.29,1907,3813,0.00,0.00,0,0
1527055637,s3,0.00,0.00,0.00,0,0,0.00,0.00,0.00,0,0,0.00,0.00,0,0
1527055637,s2-eth3,0.00,0.00,0.00,0,0,0.00,0.00,0.00,0,0,0.00,0.00,0,0
1527055637,s2-eth4,0.00,0.00,0.00,0,0,0.00,0.00,0.00,0,0,0.00,0.00,0,0
1527055637,lo,171.83,171.83,343.66,172,172,3.00,3.00,5.99,3,3,0.00,0.00,0,0
1527055637,s3-eth4,0.00,0.00,0.00,0,0,0.00,0.00,0.00,0,0,0.00,0.00,0,0
1527055637,total,5908338.00,5920364.00,11828702.00,5926284,5914246,5718.28,5725.27,11443.56,5731,5724,0.00,0.00,0,0
1527055638,s1,0.00,0.00,0.00,0,0,0.00,0.00,0.00,0,0,0.00,0.00,0,0
1527055638,eth0,0.00,0.00,0.00,0,0,0.00,0.00,0.00,0,0,0.00,0.00,0,0
1527055638,eth1,0.00,0.00,0.00,0,0,0.00,0.00,0.00,0,0,0.00,0.00,0,0
1527055638,s2,0.00,0.00,0.00,0,0,0.00,0.00,0.00,0,0,0.00,0.00,0,0
1527055638,s1-eth2,141118.00,5778938.00,5920056.00,5778938,141118,1907.00,3817.00,5724.00,3817,1907,0.00,0.00,0,0
1527055638,s1-eth3,0.00,0.00,0.00,0,0,0.00,0.00,0.00,0,0,0.00,0.00,0,0
1527055638,s1-eth1,5778938.00,141192.00,5920130.00,141192,5778938,3817.00,1908.00,5725.00,1908,3817,0.00,0.00,0,0
1527055638,s3,0.00,0.00,0.00,0,0,0.00,0.00,0.00,0,0,0.00,0.00,0,0
1527055638,s2-eth3,0.00,0.00,0.00,0,0,0.00,0.00,0.00,0,0,0.00,0.00,0,0
1527055638,s2-eth4,0.00,0.00,0.00,0,0,0.00,0.00,0.00,0,0,0.00,0.00,0,0
1527055638,lo,344.00,344.00,688.00,344,344,6.00,6.00,12.00,6,6,0.00,0.00,0,0
1527055638,s3-eth4,0.00,0.00,0.00,0,0,0.00,0.00,0.00,0,0,0.00,0.00,0,0
1527055638,total,5920400.00,5920474.00,11840874.00,5920474,5920400,5730.00,5731.00,11461.00,5731,5730,0.00,0.00,0,0
1527055639,s1,0.00,0.00,0.00,0,0,0.00,0.00,0.00,0,0,0.00,0.00,0,0
1527055639,eth0,0.00,0.00,0.00,0,0,0.00,0.00,0.00,0,0,0.00,0.00,0,0
1527055639,eth1,0.00,0.00,0.00,0,0,0.00,0.00,0.00,0,0,0.00,0.00,0,0
1527055639,s2,0.00,0.00,0.00,0,0,0.00,0.00,0.00,0,0,0.00,0.00,0,0
1527055639,s1-eth2,140896.00,5760770.00,5901666.00,5760770,140896,1904.00,3805.00,5709.00,3805,1904,0.00,0.00,0,0
1527055639,s1-eth3,0.00,0.00,0.00,0,0,0.00,0.00,0.00,0,0,0.00,0.00,0,0
1527055639,s1-eth1,5761112.00,140822.00,5901934.00,140822,5761112,3806.00,1903.00,5709.00,1903,3806,0.00,0.00,0,0
1527055639,s3,0.00,0.00,0.00,0,0,0.00,0.00,0.00,0,0,0.00,0.00,0,0
1527055639,s2-eth3,0.00,0.00,0.00,0,0,0.00,0.00,0.00,0,0,0.00,0.00,0,0
1527055639,s2-eth4,0.00,0.00,0.00,0,0,0.00,0.00,0.00,0,0,0.00,0.00,0,0
1527055639,lo,0.00,0.00,0.00,0,0,0.00,0.00,0.00,0,0,0.00,0.00,0,0
1527055639,s3-eth4,0.00,0.00,0.00,0,0,0.00,0.00,0.00,0,0,0.00,0.00,0,0
1527055639,total,5902008.00,5901592.00,11803600.00,5901592,5902008,5710.00,5708.00,11418.00,5708,5710,0.00,0.00,0,0
1527055640,s1,0.00,0.00,0.00,0,0,0.00,0.00,0.00,0,0,0.00,0.00,0,0
1527055640,eth0,0.00,0.00,0.00,0,0,0.00,0.00,0.00,0,0,0.00,0.00,0,0
1527055640,eth1,0.00,0.00,0.00,0,0,0.00,0.00,0.00,0,0,0.00,0.00,0,0
1527055640,s2,0.00,0.00,0.00,0,0,0.00,0.00,0.00,0,0,0.00,0.00,0,0
1527055640,s1-eth2,141636.00,5788022.00,5929658.00,5788022,141636,1914.00,3823.00,5737.00,3823,1914,0.00,0.00,0,0
1527055640,s1-eth3,0.00,0.00,0.00,0,0,0.00,0.00,0.00,0,0,0.00,0.00,0,0
1527055640,s1-eth1,5795592.00,141636.00,5937228.00,141636,5795592,3828.00,1914.00,5742.00,1914,3828,0.00,0.00,0,0
1527055640,s3,0.00,0.00,0.00,0,0,0.00,0.00,0.00,0,0,0.00,0.00,0,0
1527055640,s2-eth3,0.00,0.00,0.00,0,0,0.00,0.00,0.00,0,0,0.00,0.00,0,0
1527055640,s2-eth4,0.00,0.00,0.00,0,0,0.00,0.00,0.00,0,0,0.00,0.00,0,0
1527055640,lo,0.00,0.00,0.00,0,0,0.00,0.00,0.00,0,0,0.00,0.00,0,0
1527055640,s3-eth4,0.00,0.00,0.00,0,0,0.00,0.00,0.00,0,0,0.00,0.00,0,0
1527055640,total,5937228.00,5929658.00,11866886.00,5929658,5937228,5742.00,5737.00,11479.00,5737,5742,0.00,0.00,0,0
1527055641,s1,0.00,0.00,0.00,0,0,0.00,0.00,0.00,0,0,0.00,0.00,0,0
1527055641,eth0,0.00,0.00,0.00,0,0,0.00,0.00,0.00,0,0,0.00,0.00,0,0
1527055641,eth1,0.00,0.00,0.00,0,0,0.00,0.00,0.00,0,0,0.00,0.00,0,0
1527055641,s2,0.00,0.00,0.00,0,0,0.00,0.00,0.00,0,0,0.00,0.00,0,0
1527055641,s1-eth2,141044.00,5769854.00,5910898.00,5769854,141044,1906.00,3811.00,5717.00,3811,1906,0.00,0.00,0,0
1527055641,s1-eth3,0.00,0.00,0.00,0,0,0.00,0.00,0.00,0,0,0.00,0.00,0,0
1527055641,s1-eth1,5774396.00,141044.00,5915440.00,141044,5774396,3814.00,1906.00,5720.00,1906,3814,0.00,0.00,0,0
1527055641,s3,0.00,0.00,0.00,0,0,0.00,0.00,0.00,0,0,0.00,0.00,0,0
1527055641,s2-eth3,0.00,0.00,0.00,0,0,0.00,0.00,0.00,0,0,0.00,0.00,0,0
1527055641,s2-eth4,0.00,0.00,0.00,0,0,0.00,0.00,0.00,0,0,0.00,0.00,0,0
1527055641,lo,0.00,0.00,0.00,0,0,0.00,0.00,0.00,0,0,0.00,0.00,0,0
1527055641,s3-eth4,0.00,0.00,0.00,0,0,0.00,0.00,0.00,0,0,0.00,0.00,0,0
1527055641,total,5915440.00,5910898.00,11826338.00,5910898,5915440,5720.00,5717.00,11437.00,5717,5720,0.00,0.00,0,0
1527055642,s1,0.00,342.00,342.00,342,0,0.00,1.00,1.00,1,0,0.00,0.00,0,0
1527055642,eth0,0.00,0.00,0.00,0,0,0.00,0.00,0.00,0,0,0.00,0.00,0,0
1527055642,eth1,0.00,0.00,0.00,0,0,0.00,0.00,0.00,0,0,0.00,0.00,0,0
1527055642,s2,0.00,342.00,342.00,342,0,0.00,1.00,1.00,1,0,0.00,0.00,0,0
1527055642,s1-eth2,141460.00,5781966.00,5923426.00,5781966,141460,1908.00,3819.00,5727.00,3819,1908,0.00,0.00,0,0
1527055642,s1-eth3,0.00,342.00,342.00,342,0,0.00,1.00,1.00,1,0,0.00,0.00,0,0
1527055642,s1-eth1,5774738.00,141192.00,5915930.00,141192,5774738,3815.00,1908.00,5723.00,1908,3815,0.00,0.00,0,0
1527055642,s3,0.00,0.00,0.00,0,0,0.00,0.00,0.00,0,0,0.00,0.00,0,0
1527055642,s2-eth3,0.00,342.00,342.00,342,0,0.00,1.00,1.00,1,0,0.00,0.00,0,0
1527055642,s2-eth4,342.00,0.00,342.00,0,342,1.00,0.00,1.00,0,1,0.00,0.00,0,0
1527055642,lo,652.00,652.00,1304.00,652,652,6.00,6.00,12.00,6,6,0.00,0.00,0,0
1527055642,s3-eth4,342.00,0.00,342.00,0,342,1.00,0.00,1.00,0,1,0.00,0.00,0,0
1527055642,total,5917534.00,5925178.00,11842712.00,5925178,5917534,5731.00,5737.00,11468.00,5737,5731,0.00,0.00,0,0
1527055643,s1,0.00,0.00,0.00,0,0,0.00,0.00,0.00,0,0,0.00,0.00,0,0
1527055643,eth0,0.00,0.00,0.00,0,0,0.00,0.00,0.00,0,0,0.00,0.00,0,0
1527055643,eth1,0.00,0.00,0.00,0,0,0.00,0.00,0.00,0,0,0.00,0.00,0,0
1527055643,s2,0.00,0.00,0.00,0,0,0.00,0.00,0.00,0,0,0.00,0.00,0,0
1527055643,s1-eth2,141978.00,5791050.00,5933028.00,5791050,141978,1915.00,3825.00,5740.00,3825,1915,0.00,0.00,0,0
1527055643,s1-eth3,0.00,0.00,0.00,0,0,0.00,0.00,0.00,0,0,0.00,0.00,0,0
1527055643,s1-eth1,5791050.00,141562.00,5932612.00,141562,5791050,3825.00,1913.00,5738.00,1913,3825,0.00,0.00,0,0
1527055643,s3,0.00,0.00,0.00,0,0,0.00,0.00,0.00,0,0,0.00,0.00,0,0
1527055643,s2-eth3,0.00,0.00,0.00,0,0,0.00,0.00,0.00,0,0,0.00,0.00,0,0
1527055643,s2-eth4,0.00,0.00,0.00,0,0,0.00,0.00,0.00,0,0,0.00,0.00,0,0
1527055643,lo,172.00,172.00,344.00,172,172,3.00,3.00,6.00,3,3,0.00,0.00,0,0
1527055643,s3-eth4,0.00,0.00,0.00,0,0,0.00,0.00,0.00,0,0,0.00,0.00,0,0
1527055643,total,5933200.00,5932784.00,11865984.00,5932784,5933200,5743.00,5741.00,11484.00,5741,5743,0.00,0.00,0,0
1527055644,s1,0.00,0.00,0.00,0,0,0.00,0.00,0.00,0,0,0.00,0.00,0,0
1527055644,eth0,0.00,0.00,0.00,0,0,0.00,0.00,0.00,0,0,0.00,0.00,0,0
1527055644,eth1,0.00,0.00,0.00,0,0,0.00,0.00,0.00,0,0,0.00,0.00,0,0
1527055644,s2,0.00,0.00,0.00,0,0,0.00,0.00,0.00,0,0,0.00,0.00,0,0
1527055644,s1-eth2,141414.00,5783480.00,5924894.00,5783480,141414,1911.00,3820.00,5731.00,3820,1911,0.00,0.00,0,0
1527055644,s1-eth3,0.00,0.00,0.00,0,0,0.00,0.00,0.00,0,0,0.00,0.00,0,0
1527055644,s1-eth1,5784994.00,141414.00,5926408.00,141414,5784994,3821.00,1911.00,5732.00,1911,3821,0.00,0.00,0,0
1527055644,s3,0.00,0.00,0.00,0,0,0.00,0.00,0.00,0,0,0.00,0.00,0,0
1527055644,s2-eth3,0.00,0.00,0.00,0,0,0.00,0.00,0.00,0,0,0.00,0.00,0,0
1527055644,s2-eth4,0.00,0.00,0.00,0,0,0.00,0.00,0.00,0,0,0.00,0.00,0,0
1527055644,lo,0.00,0.00,0.00,0,0,0.00,0.00,0.00,0,0,0.00,0.00,0,0
1527055644,s3-eth4,0.00,0.00,0.00,0,0,0.00,0.00,0.00,0,0,0.00,0.00,0,0
1527055644,total,5926408.00,5924894.00,11851302.00,5924894,5926408,5732.00,5731.00,11463.00,5731,5732,0.00,0.00,0,0
1527055645,s1,0.00,0.00,0.00,0,0,0.00,0.00,0.00,0,0,0.00,0.00,0,0
1527055645,eth0,0.00,0.00,0.00,0,0,0.00,0.00,0.00,0,0,0.00,0.00,0,0
1527055645,eth1,0.00,0.00,0.00,0,0,0.00,0.00,0.00,0,0,0.00,0.00,0,0
1527055645,s2,0.00,0.00,0.00,0,0,0.00,0.00,0.00,0,0,0.00,0.00,0,0
1527055645,s1-eth2,139416.00,5698696.00,5838112.00,5698696,139416,1884.00,3764.00,5648.00,3764,1884,0.00,0.00,0,0
1527055645,s1-eth3,0.00,0.00,0.00,0,0,0.00,0.00,0.00,0,0,0.00,0.00,0,0
1527055645,s1-eth1,5700210.00,139416.00,5839626.00,139416,5700210,3765.00,1884.00,5649.00,1884,3765,0.00,0.00,0,0
1527055645,s3,0.00,342.00,342.00,342,0,0.00,1.00,1.00,1,0,0.00,0.00,0,0
1527055645,s2-eth3,342.00,0.00,342.00,0,342,1.00,0.00,1.00,0,1,0.00,0.00,0,0
1527055645,s2-eth4,0.00,0.00,0.00,0,0,0.00,0.00,0.00,0,0,0.00,0.00,0,0
1527055645,lo,326.00,326.00,652.00,326,326,3.00,3.00,6.00,3,3,0.00,0.00,0,0
1527055645,s3-eth4,0.00,342.00,342.00,342,0,0.00,1.00,1.00,1,0,0.00,0.00,0,0
1527055645,total,5840294.00,5839122.00,11679416.00,5839122,5840294,5653.00,5653.00,11306.00,5653,5653,0.00,0.00,0,0
1527055646,s1,0.00,0.00,0.00,0,0,0.00,0.00,0.00,0,0,0.00,0.00,0,0
1527055646,eth0,0.00,0.00,0.00,0,0,0.00,0.00,0.00,0,0,0.00,0.00,0,0
1527055646,eth1,0.00,0.00,0.00,0,0,0.00,0.00,0.00,0,0,0.00,0.00,0,0
1527055646,s2,0.00,0.00,0.00,0,0,0.00,0.00,0.00,0,0,0.00,0.00,0,0
1527055646,s1-eth2,140748.00,5775910.00,5916658.00,5775910,140748,1902.00,3815.00,5717.00,3815,1902,0.00,0.00,0,0
1527055646,s1-eth3,0.00,0.00,0.00,0,0,0.00,0.00,0.00,0,0,0.00,0.00,0,0
1527055646,s1-eth1,5766826.00,140822.00,5907648.00,140822,5766826,3809.00,1903.00,5712.00,1903,3809,0.00,0.00,0,0
1527055646,s3,0.00,0.00,0.00,0,0,0.00,0.00,0.00,0,0,0.00,0.00,0,0
1527055646,s2-eth3,0.00,0.00,0.00,0,0,0.00,0.00,0.00,0,0,0.00,0.00,0,0
1527055646,s2-eth4,0.00,0.00,0.00,0,0,0.00,0.00,0.00,0,0,0.00,0.00,0,0
1527055646,lo,344.00,344.00,688.00,344,344,6.00,6.00,12.00,6,6,0.00,0.00,0,0
1527055646,s3-eth4,0.00,0.00,0.00,0,0,0.00,0.00,0.00,0,0,0.00,0.00,0,0
1527055646,total,5907918.00,5917076.00,11824994.00,5917076,5907918,5717.00,5724.00,11441.00,5724,5717,0.00,0.00,0,0
1527055647,s1,0.00,0.00,0.00,0,0,0.00,0.00,0.00,0,0,0.00,0.00,0,0
1527055647,eth0,0.00,0.00,0.00,0,0,0.00,0.00,0.00,0,0,0.00,0.00,0,0
1527055647,eth1,0.00,0.00,0.00,0,0,0.00,0.00,0.00,0,0,0.00,0.00,0,0
1527055647,s2,0.00,0.00,0.00,0,0,0.00,0.00,0.00,0,0,0.00,0.00,0,0
1527055647,s1-eth2,142006.00,5809218.00,5951224.00,5809218,142006,1919.00,3837.00,5756.00,3837,1919,0.00,0.00,0,0
1527055647,s1-eth3,0.00,0.00,0.00,0,0,0.00,0.00,0.00,0,0,0.00,0.00,0,0
1527055647,s1-eth1,5809218.00,142006.00,5951224.00,142006,5809218,3837.00,1919.00,5756.00,1919,3837,0.00,0.00,0,0
1527055647,s3,0.00,0.00,0.00,0,0,0.00,0.00,0.00,0,0,0.00,0.00,0,0
1527055647,s2-eth3,0.00,0.00,0.00,0,0,0.00,0.00,0.00,0,0,0.00,0.00,0,0
1527055647,s2-eth4,0.00,0.00,0.00,0,0,0.00,0.00,0.00,0,0,0.00,0.00,0,0
1527055647,lo,0.00,0.00,0.00,0,0,0.00,0.00,0.00,0,0,0.00,0.00,0,0
1527055647,s3-eth4,0.00,0.00,0.00,0,0,0.00,0.00,0.00,0,0,0.00,0.00,0,0
1527055647,total,5951224.00,5951224.00,11902448.00,5951224,5951224,5756.00,5756.00,11512.00,5756,5756,0.00,0.00,0,0
1527055648,s1,0.00,1202.00,1202.00,1202,0,0.00,7.00,7.00,7,0,0.00,0.00,0,0
1527055648,eth0,900.00,846.00,1746.00,846,900,8.00,6.00,14.00,6,8,0.00,0.00,0,0
1527055648,eth1,0.00,0.00,0.00,0,0,0.00,0.00,0.00,0,0,0.00,0.00,0,0
1527055648,s2,0.00,1014.00,1014.00,1014,0,0.00,5.00,5.00,5,0,0.00,0.00,0,0
1527055648,s1-eth2,131516.00,5327766.00,5459282.00,5327766,131516,1768.00,3519.00,5287.00,3519,1768,0.00,0.00,0,0
1527055648,s1-eth3,452.00,1202.00,1654.00,1202,452,2.00,7.00,9.00,7,2,0.00,0.00,0,0
1527055648,s1-eth1,5333852.00,130240.00,5464092.00,130240,5333852,3530.00,1760.00,5290.00,1760,3530,0.00,0.00,0,0
1527055648,s3,0.00,904.00,904.00,904,0,0.00,4.00,4.00,4,0,0.00,0.00,0,0
1527055648,s2-eth3,904.00,562.00,1466.00,562,904,4.00,3.00,7.00,3,4,0.00,0.00,0,0
1527055648,s2-eth4,1202.00,452.00,1654.00,452,1202,7.00,2.00,9.00,2,7,0.00,0.00,0,0
1527055648,lo,5654.00,5654.00,11308.00,5654,5654,56.00,56.00,112.00,56,56,0.00,0.00,0,0
1527055648,s3-eth4,562.00,904.00,1466.00,904,562,3.00,4.00,7.00,4,3,0.00,0.00,0,0
1527055648,total,5475042.00,5470746.00,10945788.00,5470746,5475042,5378.00,5373.00,10751.00,5373,5378,0.00,0.00,0,0
1527055649,s1,0.00,328.00,328.00,328,0,0.00,4.00,4.00,4,0,0.00,0.00,0,0
1527055649,eth0,456.00,550.00,1006.00,550,456,6.00,5.00,11.00,5,6,0.00,0.00,0,0
1527055649,eth1,0.00,0.00,0.00,0,0,0.00,0.00,0.00,0,0,0.00,0.00,0,0
1527055649,s2,0.00,266.00,266.00,266,0,0.00,3.00,3.00,3,0,0.00,0.00,0,0
1527055649,s1-eth2,140454.00,5709294.00,5849748.00,5709294,140454,1893.00,3771.00,5664.00,3771,1893,0.00,0.00,0,0
1527055649,s1-eth3,188.00,328.00,516.00,328,188,2.00,4.00,6.00,4,2,0.00,0.00,0,0
1527055649,s1-eth1,5709920.00,139564.00,5849484.00,139564,5709920,3778.00,1886.00,5664.00,1886,3778,0.00,0.00,0,0
1527055649,s3,0.00,376.00,376.00,376,0,0.00,4.00,4.00,4,0,0.00,0.00,0,0
1527055649,s2-eth3,376.00,78.00,454.00,78,376,4.00,1.00,5.00,1,4,0.00,0.00,0,0
1527055649,s2-eth4,328.00,188.00,516.00,188,328,4.00,2.00,6.00,2,4,0.00,0.00,0,0
1527055649,lo,4000.00,4000.00,8000.00,4000,4000,44.00,44.00,88.00,44,44,0.00,0.00,0,0
1527055649,s3-eth4,78.00,376.00,454.00,376,78,1.00,4.00,5.00,4,1,0.00,0.00,0,0
1527055649,total,5855800.00,5855348.00,11711148.00,5855348,5855800,5732.00,5728.00,11460.00,5728,5732,0.00,0.00,0,0
1527055650,s1,0.00,3290.00,3290.00,3290,0,0.00,17.00,17.00,17,0,0.00,0.00,0,0
1527055650,eth0,456.00,824.00,1280.00,824,456,6.00,7.00,13.00,7,6,0.00,0.00,0,0
1527055650,eth1,0.00,0.00,0.00,0,0,0.00,0.00,0.00,0,0,0.00,0.00,0,0
1527055650,s2,0.00,2223.00,2223.00,2223,0,0.00,15.00,15.00,15,0,0.00,0.00,0,0
1527055650,s1-eth2,142414.00,5680528.00,5822942.00,5680528,142414,1897.00,3752.00,5649.00,3752,1897,0.00,0.00,0,0
1527055650,s1-eth3,792.00,3290.00,4082.00,3290,792,6.00,17.00,23.00,17,6,0.00,0.00,0,0
1527055650,s1-eth1,5691308.00,139046.00,5830354.00,139046,5691308,3782.00,1879.00,5661.00,1879,3782,0.00,0.00,0,0
1527055650,s3,0.00,2136.00,2136.00,2136,0,0.00,14.00,14.00,14,0,0.00,0.00,0,0
1527055650,s2-eth3,2136.00,1776.00,3912.00,1776,2136,14.00,10.00,24.00,10,14,0.00,0.00,0,0
1527055650,s2-eth4,3290.00,792.00,4082.00,792,3290,17.00,6.00,23.00,6,17,0.00,0.00,0,0
1527055650,lo,14870.00,14870.00,29740.00,14870,14870,145.00,145.00,290.00,145,145,0.00,0.00,0,0
1527055650,s3-eth4,1776.00,2136.00,3912.00,2136,1776,10.00,14.00,24.00,14,10,0.00,0.00,0,0
1527055650,total,5857042.00,5850911.00,11707953.00,5850911,5857042,5877.00,5876.00,11753.00,5876,5877,0.00,0.00,0,0
1527055651,s1,0.00,1837.00,1837.00,1837,0,0.00,7.00,7.00,7,0,0.00,0.00,0,0
1527055651,eth0,152.00,229.00,381.00,229,152,2.00,2.00,4.00,2,2,0.00,0.00,0,0
1527055651,eth1,0.00,0.00,0.00,0,0,0.00,0.00,0.00,0,0,0.00,0.00,0,0
1527055651,s2,0.00,2887.00,2887.00,2887,0,0.00,11.00,11.00,11,0,0.00,0.00,0,0
1527055651,s1-eth2,141663.00,5692682.00,5834345.00,5692682,141663,1892.00,3761.00,5653.00,3761,1892,0.00,0.00,0,0
1527055651,s1-eth3,1763.00,1837.00,3600.00,1837,1763,7.00,7.00,14.00,7,7,0.00,0.00,0,0
1527055651,s1-eth1,5692837.00,139014.00,5831851.00,139014,5692837,3770.00,1879.00,5649.00,1879,3770,0.00,0.00,0,0
1527055651,s3,0.00,3241.00,3241.00,3241,0,0.00,13.00,13.00,13,0,0.00,0.00,0,0
1527055651,s2-eth3,3241.00,779.00,4020.00,779,3241,13.00,3.00,16.00,3,13,0.00,0.00,0,0
1527055651,s2-eth4,1837.00,1763.00,3600.00,1763,1837,7.00,7.00,14.00,7,7,0.00,0.00,0,0
1527055651,lo,10225.00,10225.00,20450.00,10225,10225,97.00,97.00,194.00,97,97,0.00,0.00,0,0
1527055651,s3-eth4,779.00,3241.00,4020.00,3241,779,3.00,13.00,16.00,13,3,0.00,0.00,0,0
1527055651,total,5852497.00,5857735.00,11710232.00,5857735,5852497,5791.00,5800.00,11591.00,5800,5791,0.00,0.00,0,0
1527055652,s1,0.00,921.00,921.00,921,0,0.00,3.00,3.00,3,0,0.00,0.00,0,0
1527055652,eth0,152.00,229.00,381.00,229,152,2.00,2.00,4.00,2,2,0.00,0.00,0,0
1527055652,eth1,0.00,0.00,0.00,0,0,0.00,0.00,0.00,0,0,0.00,0.00,0,0
1527055652,s2,0.00,1188.00,1188.00,1188,0,0.00,4.00,4.00,4,0,0.00,0.00,0,0
1527055652,s1-eth2,138528.00,5563950.00,5702478.00,5563950,138528,1846.00,3675.00,5521.00,3675,1846,0.00,0.00,0,0
1527055652,s1-eth3,594.00,921.00,1515.00,921,594,2.00,3.00,5.00,3,2,0.00,0.00,0,0
1527055652,s1-eth1,5560698.00,135938.00,5696636.00,135938,5560698,3677.00,1837.00,5514.00,1837,3677,0.00,0.00,0,0
1527055652,s3,0.00,921.00,921.00,921,0,0.00,3.00,3.00,3,0,0.00,0.00,0,0
1527055652,s2-eth3,921.00,594.00,1515.00,594,921,3.00,2.00,5.00,2,3,0.00,0.00,0,0
1527055652,s2-eth4,921.00,594.00,1515.00,594,921,3.00,2.00,5.00,2,3,0.00,0.00,0,0
1527055652,lo,3585.00,3585.00,7170.00,3585,3585,34.00,34.00,68.00,34,34,0.00,0.00,0,0
1527055652,s3-eth4,594.00,921.00,1515.00,921,594,2.00,3.00,5.00,3,2,0.00,0.00,0,0
1527055652,total,5705993.00,5709762.00,11415755.00,5709762,5705993,5569.00,5568.00,11137.00,5568,5569,0.00,0.00,0,0
1527055653,s1,0.00,550.45,550.45,551,0,0.00,4.00,4.00,4,0,0.00,0.00,0,0
1527055653,eth0,0.00,0.00,0.00,0,0,0.00,0.00,0.00,0,0,0.00,0.00,0,0
1527055653,eth1,0.00,0.00,0.00,0,0,0.00,0.00,0.00,0,0,0.00,0.00,0,0
1527055653,s2,0.00,213.79,213.79,214,0,0.00,2.00,2.00,2,0,0.00,0.00,0,0
1527055653,s1-eth2,141233.77,5726278.00,5867511.50,5732004,141375,1899.10,3782.22,5681.32,3786,1901,0.00,0.00,0,0
1527055653,s1-eth3,106.89,550.45,657.34,551,107,1.00,4.00,5.00,4,1,0.00,0.00,0,0
1527055653,s1-eth1,5731472.50,140089.91,5871562.50,140230,5737204,3790.21,1893.11,5683.32,1895,3794,0.00,0.00,0,0
1527055653,s3,0.00,213.79,213.79,214,0,0.00,2.00,2.00,2,0,0.00,0.00,0,0
1527055653,s2-eth3,213.79,106.89,320.68,107,214,2.00,1.00,3.00,1,2,0.00,0.00,0,0
1527055653,s2-eth4,550.45,106.89,657.34,107,551,4.00,1.00,5.00,1,4,0.00,0.00,0,0
1527055653,lo,2421.58,2421.58,4843.16,2424,2424,23.98,23.98,47.95,24,24,0.00,0.00,0,0
1527055653,s3-eth4,106.89,213.79,320.68,214,107,1.00,2.00,3.00,2,1,0.00,0.00,0,0
1527055653,total,5876106.00,5870745.50,11746851.00,5876616,5881982,5721.28,5715.28,11436.56,5721,5727,0.00,0.00,0,0
1527055654,s1,0.00,991.00,991.00,991,0,0.00,4.00,4.00,4,0,0.00,0.00,0,0
1527055654,eth0,60.00,60.00,120.00,60,60,1.00,1.00,2.00,1,1,0.00,0.00,0,0
1527055654,eth1,0.00,0.00,0.00,0,0,0.00,0.00,0.00,0,0,0.00,0.00,0,0
1527055654,s2,0.00,1001.00,1001.00,1001,0,0.00,5.00,5.00,5,0,0.00,0.00,0,0
1527055654,s1-eth2,141328.00,5727462.00,5868790.00,5727462,141328,1900.00,3783.00,5683.00,3783,1900,0.00,0.00,0,0
1527055654,s1-eth3,337.00,991.00,1328.00,991,337,2.00,4.00,6.00,4,2,0.00,0.00,0,0
1527055654,s1-eth1,5736687.00,140156.00,5876843.00,140156,5736687,3795.00,1894.00,5689.00,1894,3795,0.00,0.00,0,0
1527055654,s3,0.00,1001.00,1001.00,1001,0,0.00,5.00,5.00,5,0,0.00,0.00,0,0
1527055654,s2-eth3,1001.00,664.00,1665.00,664,1001,5.00,3.00,8.00,3,5,0.00,0.00,0,0
1527055654,s2-eth4,991.00,337.00,1328.00,337,991,4.00,2.00,6.00,2,4,0.00,0.00,0,0
1527055654,lo,4274.00,4274.00,8548.00,4274,4274,42.00,42.00,84.00,42,42,0.00,0.00,0,0
1527055654,s3-eth4,664.00,1001.00,1665.00,1001,664,3.00,5.00,8.00,5,3,0.00,0.00,0,0
1527055654,total,5885342.00,5877938.00,11763280.00,5877938,5885342,5752.00,5748.00,11500.00,5748,5752,0.00,0.00,0,0
1527055655,s1,0.00,0.00,0.00,0,0,0.00,0.00,0.00,0,0,0.00,0.00,0,0
1527055655,eth0,0.00,0.00,0.00,0,0,0.00,0.00,0.00,0,0,0.00,0.00,0,0
1527055655,eth1,0.00,0.00,0.00,0,0,0.00,0.00,0.00,0,0,0.00,0.00,0,0
1527055655,s2,0.00,669.00,669.00,669,0,0.00,2.00,2.00,2,0,0.00,0.00,0,0
1527055655,s1-eth2,140345.00,5728976.00,5869321.00,5728976,140345,1894.00,3784.00,5678.00,3784,1894,0.00,0.00,0,0
1527055655,s1-eth3,669.00,0.00,669.00,0,669,2.00,0.00,2.00,0,2,0.00,0.00,0,0
1527055655,s1-eth1,5730490.00,140008.00,5870498.00,140008,5730490,3785.00,1892.00,5677.00,1892,3785,0.00,0.00,0,0
1527055655,s3,0.00,669.00,669.00,669,0,0.00,2.00,2.00,2,0,0.00,0.00,0,0
1527055655,s2-eth3,669.00,0.00,669.00,0,669,2.00,0.00,2.00,0,2,0.00,0.00,0,0
1527055655,s2-eth4,0.00,669.00,669.00,669,0,0.00,2.00,2.00,2,0,0.00,0.00,0,0
1527055655,lo,1304.00,1304.00,2608.00,1304,1304,12.00,12.00,24.00,12,12,0.00,0.00,0,0
1527055655,s3-eth4,0.00,669.00,669.00,669,0,0.00,2.00,2.00,2,0,0.00,0.00,0,0
1527055655,total,5873477.00,5872964.00,11746441.00,5872964,5873477,5695.00,5696.00,11391.00,5696,5695,0.00,0.00,0,0
1527055656,s1,0.00,342.00,342.00,342,0,0.00,1.00,1.00,1,0,0.00,0.00,0,0
1527055656,eth0,0.00,0.00,0.00,0,0,0.00,0.00,0.00,0,0,0.00,0.00,0,0
1527055656,eth1,0.00,0.00,0.00,0,0,0.00,0.00,0.00,0,0,0.00,0.00,0,0
1527055656,s2,0.00,342.00,342.00,342,0,0.00,1.00,1.00,1,0,0.00,0.00,0,0
1527055656,s1-eth2,141269.00,5751686.00,5892955.00,5751686,141269,1902.00,3799.00,5701.00,3799,1902,0.00,0.00,0,0
1527055656,s1-eth3,0.00,342.00,342.00,342,0,0.00,1.00,1.00,1,0,0.00,0.00,0,0
1527055656,s1-eth1,5758084.00,140600.00,5898684.00,140600,5758084,3804.00,1900.00,5704.00,1900,3804,0.00,0.00,0,0
1527055656,s3,0.00,0.00,0.00,0,0,0.00,0.00,0.00,0,0,0.00,0.00,0,0
1527055656,s2-eth3,0.00,342.00,342.00,342,0,0.00,1.00,1.00,1,0,0.00,0.00,0,0
1527055656,s2-eth4,342.00,0.00,342.00,0,342,1.00,0.00,1.00,0,1,0.00,0.00,0,0
1527055656,lo,652.00,652.00,1304.00,652,652,6.00,6.00,12.00,6,6,0.00,0.00,0,0
1527055656,s3-eth4,342.00,0.00,342.00,0,342,1.00,0.00,1.00,0,1,0.00,0.00,0,0
1527055656,total,5894794.50,5888417.50,11783212.00,5894306,5900689,5708.29,5703.30,11411.59,5709,5714,0.00,0.00,0,0
1527055657,s1,0.00,283.72,283.72,284,0,0.00,3.00,3.00,3,0,0.00,0.00,0,0
1527055657,eth0,0.00,0.00,0.00,0,0,0.00,0.00,0.00,0,0,0.00,0.00,0,0
1527055657,eth1,0.00,0.00,0.00,0,0,0.00,0.00,0.00,0,0,0.00,0.00,0,0
1527055657,s2,0.00,213.79,213.79,214,0,0.00,2.00,2.00,2,0,0.00,0.00,0,0
1527055657,s1-eth2,141852.16,5780727.50,5922579.50,5786508,141994,1916.08,3818.18,5734.27,3822,1918,0.00,0.00,0,0
1527055657,s1-eth3,106.89,283.72,390.61,284,107,1.00,3.00,4.00,3,1,0.00,0.00,0,0
1527055657,s1-eth1,5785655.50,141568.44,5927224.00,141710,5791441,3825.17,1913.09,5738.26,1915,3829,0.00,0.00,0,0
1527055657,s3,0.00,213.79,213.79,214,0,0.00,2.00,2.00,2,0,0.00,0.00,0,0
1527055657,s2-eth3,213.79,106.89,320.68,107,214,2.00,1.00,3.00,1,2,0.00,0.00,0,0
1527055657,s2-eth4,283.72,106.89,390.61,107,284,3.00,1.00,4.00,1,3,0.00,0.00,0,0
1527055657,lo,2095.90,2095.90,4191.81,2098,2098,20.98,20.98,41.96,21,21,0.00,0.00,0,0
1527055657,s3-eth4,106.89,213.79,320.68,214,107,1.00,2.00,3.00,2,1,0.00,0.00,0,0
1527055657,total,5936245.00,5931740.00,11867985.00,5931740,5936245,5775.00,5772.00,11547.00,5772,5775,0.00,0.00,0,0
1527055658,s1,0.00,70.00,70.00,70,0,0.00,1.00,1.00,1,0,0.00,0.00,0,0
1527055658,eth0,0.00,0.00,0.00,0,0,0.00,0.00,0.00,0,0,0.00,0.00,0,0
1527055658,eth1,0.00,0.00,0.00,0,0,0.00,0.00,0.00,0,0,0.00,0.00,0,0
1527055658,s2,0.00,140.00,140.00,140,0,0.00,2.00,2.00,2,0,0.00,0.00,0,0
1527055658,s1-eth2,142007.00,5791050.00,5933057.00,5791050,142007,1915.00,3825.00,5740.00,3825,1915,0.00,0.00,0,0
1527055658,s1-eth3,70.00,70.00,140.00,70,70,1.00,1.00,2.00,1,1,0.00,0.00,0,0
1527055658,s1-eth1,5797588.00,141562.00,5939150.00,141562,5797588,3832.00,1913.00,5745.00,1913,3832,0.00,0.00,0,0
1527055658,s3,0.00,140.00,140.00,140,0,0.00,2.00,2.00,2,0,0.00,0.00,0,0
1527055658,s2-eth3,140.00,70.00,210.00,70,140,2.00,1.00,3.00,1,2,0.00,0.00,0,0
1527055658,s2-eth4,70.00,70.00,140.00,70,70,1.00,1.00,2.00,1,1,0.00,0.00,0,0
1527055658,lo,1340.00,1340.00,2680.00,1340,1340,15.00,15.00,30.00,15,15,0.00,0.00,0,0
1527055658,s3-eth4,70.00,140.00,210.00,140,70,1.00,2.00,3.00,2,1,0.00,0.00,0,0
1527055658,total,5941285.00,5934652.00,11875937.00,5934652,5941285,5767.00,5763.00,11530.00,5763,5767,0.00,0.00,0,0
1527055659,s1,0.00,342.00,342.00,342,0,0.00,1.00,1.00,1,0,0.00,0.00,0,0
1527055659,eth0,0.00,0.00,0.00,0,0,0.00,0.00,0.00,0,0,0.00,0.00,0,0
1527055659,eth1,0.00,0.00,0.00,0,0,0.00,0.00,0.00,0,0,0.00,0.00,0,0
1527055659,s2,0.00,0.00,0.00,0,0,0.00,0.00,0.00,0,0,0.00,0.00,0,0
1527055659,s1-eth2,141826.00,5778938.00,5920764.00,5778938,141826,1913.00,3817.00,5730.00,3817,1913,0.00,0.00,0,0
1527055659,s1-eth3,0.00,342.00,342.00,342,0,0.00,1.00,1.00,1,0,0.00,0.00,0,0
1527055659,s1-eth1,5788364.00,141340.00,5929704.00,141340,5788364,3824.00,1910.00,5734.00,1910,3824,0.00,0.00,0,0
1527055659,s3,0.00,342.00,342.00,342,0,0.00,1.00,1.00,1,0,0.00,0.00,0,0
1527055659,s2-eth3,342.00,0.00,342.00,0,342,1.00,0.00,1.00,0,1,0.00,0.00,0,0
1527055659,s2-eth4,342.00,0.00,342.00,0,342,1.00,0.00,1.00,0,1,0.00,0.00,0,0
1527055659,lo,652.00,652.00,1304.00,652,652,6.00,6.00,12.00,6,6,0.00,0.00,0,0
1527055659,s3-eth4,0.00,342.00,342.00,342,0,0.00,1.00,1.00,1,0,0.00,0.00,0,0
1527055659,total,5931526.00,5922298.00,11853824.00,5922298,5931526,5745.00,5737.00,11482.00,5737,5745,0.00,0.00,0,0
1527055660,s1,0.00,0.00,0.00,0,0,0.00,0.00,0.00,0,0,0.00,0.00,0,0
1527055660,eth0,0.00,0.00,0.00,0,0,0.00,0.00,0.00,0,0,0.00,0.00,0,0
1527055660,eth1,0.00,0.00,0.00,0,0,0.00,0.00,0.00,0,0,0.00,0.00,0,0
1527055660,s2,0.00,0.00,0.00,0,0,0.00,0.00,0.00,0,0,0.00,0.00,0,0
1527055660,s1-eth2,141266.00,5771368.00,5912634.00,5771368,141266,1909.00,3812.00,5721.00,3812,1909,0.00,0.00,0,0
1527055660,s1-eth3,0.00,0.00,0.00,0,0,0.00,0.00,0.00,0,0,0.00,0.00,0,0
1527055660,s1-eth1,5777424.00,141340.00,5918764.00,141340,5777424,3816.00,1910.00,5726.00,1910,3816,0.00,0.00,0,0
1527055660,s3,0.00,0.00,0.00,0,0,0.00,0.00,0.00,0,0,0.00,0.00,0,0
1527055660,s2-eth3,0.00,0.00,0.00,0,0,0.00,0.00,0.00,0,0,0.00,0.00,0,0
1527055660,s2-eth4,0.00,0.00,0.00,0,0,0.00,0.00,0.00,0,0,0.00,0.00,0,0
1527055660,lo,0.00,0.00,0.00,0,0,0.00,0.00,0.00,0,0,0.00,0.00,0,0
1527055660,s3-eth4,0.00,0.00,0.00,0,0,0.00,0.00,0.00,0,0,0.00,0.00,0,0
1527055660,total,5918690.00,5912708.00,11831398.00,5912708,5918690,5725.00,5722.00,11447.00,5722,5725,0.00,0.00,0,0
1527055661,s1,0.00,0.00,0.00,0,0,0.00,0.00,0.00,0,0,0.00,0.00,0,0
1527055661,eth0,0.00,0.00,0.00,0,0,0.00,0.00,0.00,0,0,0.00,0.00,0,0
1527055661,eth1,0.00,0.00,0.00,0,0,0.00,0.00,0.00,0,0,0.00,0.00,0,0
1527055661,s2,0.00,0.00,0.00,0,0,0.00,0.00,0.00,0,0,0.00,0.00,0,0
1527055661,s1-eth2,141488.00,5777424.00,5918912.00,5777424,141488,1912.00,3816.00,5728.00,3816,1912,0.00,0.00,0,0
1527055661,s1-eth3,0.00,0.00,0.00,0,0,0.00,0.00,0.00,0,0,0.00,0.00,0,0
1527055661,s1-eth1,5786508.00,141414.00,5927922.00,141414,5786508,3822.00,1911.00,5733.00,1911,3822,0.00,0.00,0,0
1527055661,s3,0.00,0.00,0.00,0,0,0.00,0.00,0.00,0,0,0.00,0.00,0,0
1527055661,s2-eth3,0.00,0.00,0.00,0,0,0.00,0.00,0.00,0,0,0.00,0.00,0,0
1527055661,s2-eth4,0.00,0.00,0.00,0,0,0.00,0.00,0.00,0,0,0.00,0.00,0,0
1527055661,lo,0.00,0.00,0.00,0,0,0.00,0.00,0.00,0,0,0.00,0.00,0,0
1527055661,s3-eth4,0.00,0.00,0.00,0,0,0.00,0.00,0.00,0,0,0.00,0.00,0,0
1527055661,total,5927996.00,5918838.00,11846834.00,5918838,5927996,5734.00,5727.00,11461.00,5727,5734,0.00,0.00,0,0
1527055662,s1,0.00,0.00,0.00,0,0,0.00,0.00,0.00,0,0,0.00,0.00,0,0
1527055662,eth0,0.00,0.00,0.00,0,0,0.00,0.00,0.00,0,0,0.00,0.00,0,0
1527055662,eth1,0.00,0.00,0.00,0,0,0.00,0.00,0.00,0,0,0.00,0.00,0,0
1527055662,s2,0.00,342.00,342.00,342,0,0.00,1.00,1.00,1,0,0.00,0.00,0,0
1527055662,s1-eth2,40786.00,1465534.00,1506320.00,1465534,40786,551.00,971.00,1522.00,971,551,0.00,0.00,0,0
1527055662,s1-eth3,342.00,0.00,342.00,0,342,1.00,0.00,1.00,0,1,0.00,0.00,0,0
1527055662,s1-eth1,1548804.00,39380.00,1588184.00,39380,1548804,1026.00,532.00,1558.00,532,1026,0.00,0.00,0,0
1527055662,s3,0.00,342.00,342.00,342,0,0.00,1.00,1.00,1,0,0.00,0.00,0,0
1527055662,s2-eth3,342.00,0.00,342.00,0,342,1.00,0.00,1.00,0,1,0.00,0.00,0,0
1527055662,s2-eth4,0.00,342.00,342.00,342,0,0.00,1.00,1.00,1,0,0.00,0.00,0,0
1527055662,lo,652.00,652.00,1304.00,652,652,6.00,6.00,12.00,6,6,0.00,0.00,0,0
1527055662,s3-eth4,0.00,342.00,342.00,342,0,0.00,1.00,1.00,1,0,0.00,0.00,0,0
1527055662,total,1590926.00,1506934.00,3097860.00,1506934,1590926,1585.00,1513.00,3098.00,1513,1585,0.00,0.00,0,0
1527055663,s1,0.00,0.00,0.00,0,0,0.00,0.00,0.00,0,0,0.00,0.00,0,0
1527055663,eth0,0.00,0.00,0.00,0,0,0.00,0.00,0.00,0,0,0.00,0.00,0,0
1527055663,eth1,0.00,0.00,0.00,0,0,0.00,0.00,0.00,0,0,0.00,0.00,0,0
1527055663,s2,0.00,0.00,0.00,0,0,0.00,0.00,0.00,0,0,0.00,0.00,0,0
1527055663,s1-eth2,0.00,0.00,0.00,0,0,0.00,0.00,0.00,0,0,0.00,0.00,0,0
1527055663,s1-eth3,0.00,0.00,0.00,0,0,0.00,0.00,0.00,0,0,0.00,0.00,0,0
1527055663,s1-eth1,0.00,0.00,0.00,0,0,0.00,0.00,0.00,0,0,0.00,0.00,0,0
1527055663,s3,0.00,0.00,0.00,0,0,0.00,0.00,0.00,0,0,0.00,0.00,0,0
1527055663,s2-eth3,0.00,0.00,0.00,0,0,0.00,0.00,0.00,0,0,0.00,0.00,0,0
1527055663,s2-eth4,0.00,0.00,0.00,0,0,0.00,0.00,0.00,0,0,0.00,0.00,0,0
1527055663,lo,172.00,172.00,344.00,172,172,3.00,3.00,6.00,3,3,0.00,0.00,0,0
1527055663,s3-eth4,0.00,0.00,0.00,0,0,0.00,0.00,0.00,0,0,0.00,0.00,0,0
1527055663,total,172.00,172.00,344.00,172,172,3.00,3.00,6.00,3,3,0.00,0.00,0,0
1527055664,s1,0.00,0.00,0.00,0,0,0.00,0.00,0.00,0,0,0.00,0.00,0,0
1527055664,eth0,0.00,0.00,0.00,0,0,0.00,0.00,0.00,0,0,0.00,0.00,0,0
1527055664,eth1,0.00,0.00,0.00,0,0,0.00,0.00,0.00,0,0,0.00,0.00,0,0
1527055664,s2,0.00,0.00,0.00,0,0,0.00,0.00,0.00,0,0,0.00,0.00,0,0
1527055664,s1-eth2,0.00,0.00,0.00,0,0,0.00,0.00,0.00,0,0,0.00,0.00,0,0
1527055664,s1-eth3,0.00,0.00,0.00,0,0,0.00,0.00,0.00,0,0,0.00,0.00,0,0
1527055664,s1-eth1,0.00,0.00,0.00,0,0,0.00,0.00,0.00,0,0,0.00,0.00,0,0
1527055664,s3,0.00,0.00,0.00,0,0,0.00,0.00,0.00,0,0,0.00,0.00,0,0
1527055664,s2-eth3,0.00,0.00,0.00,0,0,0.00,0.00,0.00,0,0,0.00,0.00,0,0
1527055664,s2-eth4,0.00,0.00,0.00,0,0,0.00,0.00,0.00,0,0,0.00,0.00,0,0
1527055664,lo,0.00,0.00,0.00,0,0,0.00,0.00,0.00,0,0,0.00,0.00,0,0
1527055664,s3-eth4,0.00,0.00,0.00,0,0,0.00,0.00,0.00,0,0,0.00,0.00,0,0
1527055664,total,0.00,0.00,0.00,0,0,0.00,0.00,0.00,0,0,0.00,0.00,0,0
1527055665,s1,0.00,214.00,214.00,214,0,0.00,2.00,2.00,2,0,0.00,0.00,0,0
1527055665,eth0,304.00,321.00,625.00,321,304,4.00,3.00,7.00,3,4,0.00,0.00,0,0
1527055665,eth1,0.00,0.00,0.00,0,0,0.00,0.00,0.00,0,0,0.00,0.00,0,0
1527055665,s2,0.00,214.00,214.00,214,0,0.00,2.00,2.00,2,0,0.00,0.00,0,0
1527055665,s1-eth2,214.00,0.00,214.00,0,214,2.00,0.00,2.00,0,2,0.00,0.00,0,0
1527055665,s1-eth3,107.00,214.00,321.00,214,107,1.00,2.00,3.00,2,1,0.00,0.00,0,0
1527055665,s1-eth1,321.00,0.00,321.00,0,321,3.00,0.00,3.00,0,3,0.00,0.00,0,0
1527055665,s3,0.00,214.00,214.00,214,0,0.00,2.00,2.00,2,0,0.00,0.00,0,0
1527055665,s2-eth3,214.00,107.00,321.00,107,214,2.00,1.00,3.00,1,2,0.00,0.00,0,0
1527055665,s2-eth4,214.00,107.00,321.00,107,214,2.00,1.00,3.00,1,2,0.00,0.00,0,0
1527055665,lo,2357.00,2357.00,4714.00,2357,2357,25.00,25.00,50.00,25,25,0.00,0.00,0,0
1527055665,s3-eth4,107.00,214.00,321.00,214,107,1.00,2.00,3.00,2,1,0.00,0.00,0,0
1527055665,total,3838.00,3962.00,7800.00,3962,3838,40.00,40.00,80.00,40,40,0.00,0.00,0,0
1527055666,s1,0.00,0.00,0.00,0,0,0.00,0.00,0.00,0,0,0.00,0.00,0,0
1527055666,eth0,152.00,229.00,381.00,229,152,2.00,2.00,4.00,2,2,0.00,0.00,0,0
1527055666,eth1,0.00,0.00,0.00,0,0,0.00,0.00,0.00,0,0,0.00,0.00,0,0
1527055666,s2,0.00,0.00,0.00,0,0,0.00,0.00,0.00,0,0,0.00,0.00,0,0
1527055666,s1-eth2,107.00,0.00,107.00,0,107,1.00,0.00,1.00,0,1,0.00,0.00,0,0
1527055666,s1-eth3,0.00,0.00,0.00,0,0,0.00,0.00,0.00,0,0,0.00,0.00,0,0
1527055666,s1-eth1,0.00,0.00,0.00,0,0,0.00,0.00,0.00,0,0,0.00,0.00,0,0
1527055666,s3,0.00,0.00,0.00,0,0,0.00,0.00,0.00,0,0,0.00,0.00,0,0
1527055666,s2-eth3,0.00,0.00,0.00,0,0,0.00,0.00,0.00,0,0,0.00,0.00,0,0
1527055666,s2-eth4,0.00,0.00,0.00,0,0,0.00,0.00,0.00,0,0,0.00,0.00,0,0
1527055666,lo,325.00,325.00,650.00,325,325,4.00,4.00,8.00,4,4,0.00,0.00,0,0
1527055666,s3-eth4,0.00,0.00,0.00,0,0,0.00,0.00,0.00,0,0,0.00,0.00,0,0
1527055666,total,584.00,554.00,1138.00,554,584,7.00,6.00,13.00,6,7,0.00,0.00,0,0
1527055667,s1,0.00,342.00,342.00,342,0,0.00,1.00,1.00,1,0,0.00,0.00,0,0
1527055667,eth0,152.00,366.00,518.00,366,152,2.00,3.00,5.00,3,2,0.00,0.00,0,0
1527055667,eth1,0.00,0.00,0.00,0,0,0.00,0.00,0.00,0,0,0.00,0.00,0,0
1527055667,s2,0.00,342.00,342.00,342,0,0.00,1.00,1.00,1,0,0.00,0.00,0,0
1527055667,s1-eth2,342.00,0.00,342.00,0,342,1.00,0.00,1.00,0,1,0.00,0.00,0,0
1527055667,s1-eth3,0.00,342.00,342.00,342,0,0.00,1.00,1.00,1,0,0.00,0.00,0,0
1527055667,s1-eth1,342.00,0.00,342.00,0,342,1.00,0.00,1.00,0,1,0.00,0.00,0,0
1527055667,s3,0.00,0.00,0.00,0,0,0.00,0.00,0.00,0,0,0.00,0.00,0,0
1527055667,s2-eth3,0.00,342.00,342.00,342,0,0.00,1.00,1.00,1,0,0.00,0.00,0,0
1527055667,s2-eth4,342.00,0.00,342.00,0,342,1.00,0.00,1.00,0,1,0.00,0.00,0,0
1527055667,lo,1100.00,1100.00,2200.00,1100,11